  -11.0000000000000
  -10.9297658862876
  -10.8595317725753
  -10.7892976588629
  -10.7190635451505
  -10.6488294314381
  -10.5785953177258
  -10.5083612040134
  -10.4381270903010
  -10.3678929765886
  -10.2976588628763
  -10.2274247491639
  -10.1571906354515
  -10.0869565217391
  -10.0167224080268
  -9.94648829431438
  -9.87625418060201
  -9.80602006688963
  -9.73578595317726
  -9.66555183946488
  -9.59531772575251
  -9.52508361204013
  -9.45484949832776
  -9.38461538461539
  -9.31438127090301
  -9.24414715719064
  -9.17391304347826
  -9.10367892976589
  -9.03344481605351
  -8.96321070234114
  -8.89297658862876
  -8.82274247491639
  -8.75250836120401
  -8.68227424749164
  -8.61204013377926
  -8.54180602006689
  -8.47157190635452
  -8.40133779264214
  -8.33110367892977
  -8.26086956521739
  -8.19063545150502
  -8.12040133779264
  -8.05016722408027
  -7.97993311036789
  -7.90969899665552
  -7.83946488294314
  -7.76923076923077
  -7.69899665551840
  -7.62876254180602
  -7.55852842809365
  -7.48829431438127
  -7.41806020066890
  -7.34782608695652
  -7.27759197324415
  -7.20735785953177
  -7.13712374581940
  -7.06688963210702
  -6.99665551839465
  -6.92642140468227
  -6.85618729096990
  -6.78595317725753
  -6.71571906354515
  -6.64548494983278
  -6.57525083612040
  -6.50501672240803
  -6.43478260869565
  -6.36454849498328
  -6.29431438127090
  -6.22408026755853
  -6.15384615384615
  -6.08361204013378
  -6.01337792642140
  -5.94314381270903
  -5.87290969899666
  -5.80267558528428
  -5.73244147157191
  -5.66220735785953
  -5.59197324414716
  -5.52173913043478
  -5.45150501672241
  -5.38127090301003
  -5.31103678929766
  -5.24080267558529
  -5.17056856187291
  -5.10033444816054
  -5.03010033444816
  -4.95986622073579
  -4.88963210702341
  -4.81939799331104
  -4.74916387959866
  -4.67892976588629
  -4.60869565217391
  -4.53846153846154
  -4.46822742474916
  -4.39799331103679
  -4.32775919732441
  -4.25752508361204
  -4.18729096989967
  -4.11705685618729
  -4.04682274247492
  -3.97658862876254
  -3.90635451505017
  -3.83612040133779
  -3.76588628762542
  -3.69565217391304
  -3.62541806020067
  -3.55518394648829
  -3.48494983277592
  -3.41471571906355
  -3.34448160535117
  -3.27424749163880
  -3.20401337792642
  -3.13377926421405
  -3.06354515050167
  -2.99331103678930
  -2.92307692307692
  -2.85284280936455
  -2.78260869565217
  -2.71237458193980
  -2.64214046822743
  -2.57190635451505
  -2.50167224080268
  -2.43143812709030
  -2.36120401337793
  -2.29096989966555
  -2.22073578595318
  -2.15050167224080
  -2.08026755852843
  -2.01003344481605
  -1.93979933110368
  -1.86956521739131
  -1.79933110367893
  -1.72909698996656
  -1.65886287625418
  -1.58862876254181
  -1.51839464882943
  -1.44816053511706
  -1.37792642140468
  -1.30769230769231
  -1.23745819397993
  -1.16722408026756
  -1.09698996655518
  -1.02675585284281
  -0.956521739130435
  -0.886287625418061
  -0.816053511705686
  -0.745819397993312
  -0.675585284280937
  -0.605351170568563
  -0.535117056856188
  -0.464882943143814
  -0.394648829431439
  -0.324414715719064
  -0.254180602006690
  -0.183946488294315
  -0.113712374581941
  -4.347826086956602E-002
   2.675585284280856E-002
   9.698996655518313E-002
   0.167224080267558
   0.237458193979932
   0.307692307692307
   0.377926421404681
   0.448160535117056
   0.518394648829431
   0.588628762541805
   0.658862876254180
   0.729096989966554
   0.799331103678929
   0.869565217391303
   0.939799331103678
   1.01003344481605
   1.08026755852843
   1.15050167224080
   1.22073578595318
   1.29096989966555
   1.36120401337793
   1.43143812709030
   1.50167224080267
   1.57190635451505
   1.64214046822742
   1.71237458193980
   1.78260869565217
   1.85284280936455
   1.92307692307692
   1.99331103678930
   2.06354515050167
   2.13377926421405
   2.20401337792642
   2.27424749163879
   2.34448160535117
   2.41471571906354
   2.48494983277592
   2.55518394648829
   2.62541806020067
   2.69565217391304
   2.76588628762542
   2.83612040133779
   2.90635451505017
   2.97658862876254
   3.04682274247492
   3.11705685618729
   3.18729096989966
   3.25752508361204
   3.32775919732441
   3.39799331103679
   3.46822742474916
   3.53846153846154
   3.60869565217391
   3.67892976588629
   3.74916387959866
   3.81939799331104
   3.88963210702341
   3.95986622073578
   4.03010033444816
   4.10033444816053
   4.17056856187291
   4.24080267558528
   4.31103678929766
   4.38127090301003
   4.45150501672241
   4.52173913043478
   4.59197324414716
   4.66220735785953
   4.73244147157190
   4.80267558528428
   4.87290969899665
   4.94314381270903
   5.01337792642140
   5.08361204013378
   5.15384615384615
   5.22408026755853
   5.29431438127090
   5.36454849498328
   5.43478260869565
   5.50501672240803
   5.57525083612040
   5.64548494983277
   5.71571906354515
   5.78595317725752
   5.85618729096990
   5.92642140468227
   5.99665551839465
   6.06688963210702
   6.13712374581940
   6.20735785953177
   6.27759197324415
   6.34782608695652
   6.41806020066890
   6.48829431438127
   6.55852842809364
   6.62876254180602
   6.69899665551839
   6.76923076923077
   6.83946488294314
   6.90969899665552
   6.97993311036789
   7.05016722408027
   7.12040133779264
   7.19063545150502
   7.26086956521739
   7.33110367892976
   7.40133779264214
   7.47157190635451
   7.54180602006689
   7.61204013377926
   7.68227424749164
   7.75250836120401
   7.82274247491639
   7.89297658862876
   7.96321070234114
   8.03344481605351
   8.10367892976588
   8.17391304347826
   8.24414715719063
   8.31438127090301
   8.38461538461538
   8.45484949832776
   8.52508361204013
   8.59531772575251
   8.66555183946488
   8.73578595317726
   8.80602006688963
   8.87625418060201
   8.94648829431438
   9.01672240802676
   9.08695652173913
   9.15719063545150
   9.22742474916388
   9.29765886287625
   9.36789297658863
   9.43812709030100
   9.50836120401338
   9.57859531772575
   9.64882943143813
   9.71906354515050
   9.78929765886287
   9.85953177257525
   9.92976588628762
   10.0000000000000
