   9.50000000000000
   9.47926421404682
   9.45852842809365
   9.43779264214047
   9.41705685618729
   9.39632107023411
   9.37558528428094
   9.35484949832776
   9.33411371237458
   9.31337792642140
   9.29264214046823
   9.27190635451505
   9.25117056856187
   9.23043478260869
   9.20969899665552
   9.18896321070234
   9.16822742474916
   9.14749163879599
   9.12675585284281
   9.10602006688963
   9.08528428093645
   9.06454849498328
   9.04381270903010
   9.02307692307692
   9.00234113712375
   8.98160535117057
   8.96086956521739
   8.94013377926421
   8.91939799331104
   8.89866220735786
   8.87792642140468
   8.85719063545151
   8.83645484949833
   8.81571906354515
   8.79498327759197
   8.77424749163880
   8.75351170568562
   8.73277591973244
   8.71204013377927
   8.69130434782609
   8.67056856187291
   8.64983277591973
   8.62909698996656
   8.60836120401338
   8.58762541806020
   8.56688963210702
   8.54615384615385
   8.52541806020067
   8.50468227424749
   8.48394648829431
   8.46321070234114
   8.44247491638796
   8.42173913043478
   8.40100334448161
   8.38026755852843
   8.35953177257525
   8.33879598662207
   8.31806020066890
   8.29732441471572
   8.27658862876254
   8.25585284280936
   8.23511705685619
   8.21438127090301
   8.19364548494983
   8.17290969899665
   8.15217391304348
   8.13143812709030
   8.11070234113712
   8.08996655518395
   8.06923076923077
   8.04849498327759
   8.02775919732441
   8.00702341137124
   7.98628762541806
   7.96555183946488
   7.94481605351171
   7.92408026755853
   7.90334448160535
   7.88260869565217
   7.86187290969900
   7.84113712374582
   7.82040133779264
   7.79966555183946
   7.77892976588629
   7.75819397993311
   7.73745819397993
   7.71672240802676
   7.69598662207358
   7.67525083612040
   7.65451505016722
   7.63377926421405
   7.61304347826087
   7.59230769230769
   7.57157190635451
   7.55083612040134
   7.53010033444816
   7.50936454849498
   7.48862876254181
   7.46789297658863
   7.44715719063545
   7.42642140468227
   7.40568561872910
   7.38494983277592
   7.36421404682274
   7.34347826086957
   7.32274247491639
   7.30200668896321
   7.28127090301003
   7.26053511705686
   7.23979933110368
   7.21906354515050
   7.19832775919732
   7.17759197324415
   7.15685618729097
   7.13612040133779
   7.11538461538461
   7.09464882943144
   7.07391304347826
   7.05317725752508
   7.03244147157191
   7.01170568561873
   6.99096989966555
   6.97023411371237
   6.94949832775920
   6.92876254180602
   6.90802675585284
   6.88729096989967
   6.86655518394649
   6.84581939799331
   6.82508361204013
   6.80434782608696
   6.78361204013378
   6.76287625418060
   6.74214046822742
   6.72140468227425
   6.70066889632107
   6.67993311036789
   6.65919732441472
   6.63846153846154
   6.61772575250836
   6.59698996655518
   6.57625418060201
   6.55551839464883
   6.53478260869565
   6.51404682274247
   6.49331103678930
   6.47257525083612
   6.45183946488294
   6.43110367892977
   6.41036789297659
   6.38963210702341
   6.36889632107023
   6.34816053511706
   6.32742474916388
   6.30668896321070
   6.28595317725753
   6.26521739130435
   6.24448160535117
   6.22374581939799
   6.20301003344482
   6.18227424749164
   6.16153846153846
   6.14080267558528
   6.12006688963211
   6.09933110367893
   6.07859531772575
   6.05785953177257
   6.03712374581940
   6.01638795986622
   5.99565217391304
   5.97491638795987
   5.95418060200669
   5.93344481605351
   5.91270903010033
   5.89197324414716
   5.87123745819398
   5.85050167224080
   5.82976588628763
   5.80903010033445
   5.78829431438127
   5.76755852842809
   5.74682274247492
   5.72608695652174
   5.70535117056856
   5.68461538461538
   5.66387959866221
   5.64314381270903
   5.62240802675585
   5.60167224080268
   5.58093645484950
   5.56020066889632
   5.53946488294314
   5.51872909698997
   5.49799331103679
   5.47725752508361
   5.45652173913043
   5.43578595317726
   5.41505016722408
   5.39431438127090
   5.37357859531773
   5.35284280936455
   5.33210702341137
   5.31137123745819
   5.29063545150502
   5.26989966555184
   5.24916387959866
   5.22842809364548
   5.20769230769231
   5.18695652173913
   5.16622073578595
   5.14548494983278
   5.12474916387960
   5.10401337792642
   5.08327759197324
   5.06254180602007
   5.04180602006689
   5.02107023411371
   5.00033444816053
   4.97959866220736
   4.95886287625418
   4.93812709030100
   4.91739130434783
   4.89665551839465
   4.87591973244147
   4.85518394648829
   4.83444816053512
   4.81371237458194
   4.79297658862876
   4.77224080267558
   4.75150501672241
   4.73076923076923
   4.71003344481605
   4.68929765886288
   4.66856187290970
   4.64782608695652
   4.62709030100334
   4.60635451505017
   4.58561872909699
   4.56488294314381
   4.54414715719064
   4.52341137123746
   4.50267558528428
   4.48193979933110
   4.46120401337793
   4.44046822742475
   4.41973244147157
   4.39899665551839
   4.37826086956522
   4.35752508361204
   4.33678929765886
   4.31605351170569
   4.29531772575251
   4.27458193979933
   4.25384615384615
   4.23311036789298
   4.21237458193980
   4.19163879598662
   4.17090301003344
   4.15016722408027
   4.12943143812709
   4.10869565217391
   4.08795986622074
   4.06722408026756
   4.04648829431438
   4.02575250836120
   4.00501672240803
   3.98428093645485
   3.96354515050167
   3.94280936454849
   3.92207357859532
   3.90133779264214
   3.88060200668896
   3.85986622073579
   3.83913043478261
   3.81839464882943
   3.79765886287625
   3.77692307692308
   3.75618729096990
   3.73545150501672
   3.71471571906354
   3.69397993311037
   3.67324414715719
   3.65250836120401
   3.63177257525084
   3.61103678929766
   3.59030100334448
   3.56956521739130
   3.54882943143813
   3.52809364548495
   3.50735785953177
   3.48662207357859
   3.46588628762542
   3.44515050167224
   3.42441471571906
   3.40367892976589
   3.38294314381271
   3.36220735785953
   3.34147157190635
   3.32073578595318
   3.30000000000000
