  -19.2189510606267  8.43759300316730  4.441358093091764E-003  4.97274999999999  0.680512764476985  5.346141648630564E-002  2.97186959103212  1235.27976534774  0.309385975550990  1.067501543500642E-003  9.257532448174901E-004
  -18.9519716258608  8.51970869065157  4.441358093091764E-003  4.97274851254965  0.680512764476985  5.346141648630564E-002  2.97103597986795  1235.27976534772  0.309385975550990  1.067501543500642E-003  9.257532448174901E-004
  -18.9139218671026  8.62806087830013  4.441358093114068E-003  4.97274716648016  0.680512764476985  5.346141648630564E-002  2.97046395512738  1235.27976534765  0.309385975550990  1.067501543497710E-003  9.257532448178104E-004
  -18.7941791667665  8.76085624795835  4.441358093140527E-003  4.97274632280079  0.680512764476985  5.346141648630564E-002  2.97014504956322  1235.27976534767  0.309385975550992  1.067501543499778E-003  9.257532448176956E-004
  -17.8047532189833  8.90544753247038  4.441358093170019E-003  4.97274565854290  0.680512764476985  5.346141648630564E-002  2.96988858660708  1235.27976534783  0.309385975550993  1.067501543502087E-003  9.257532448172329E-004
  -16.6173190089389  9.04509018070274  4.441358093243406E-003  4.97274435451432  0.680512764476984  5.346141648630564E-002  2.96937460431310  1235.27976534823  0.309385975550997  1.067501543507826E-003  9.257532448171181E-004
  -15.6237036514762  9.16878218055088  4.441358093491413E-003  4.97274136754156  0.680512764476981  5.346141648630564E-002  2.96828433841454  1235.27976534917  0.309385975551008  1.067501543527214E-003  9.257532448165975E-004
  -14.8295356449028  9.27389417862156  4.441358094058583E-003  4.97273507925425  0.680512764476975  5.346141648630564E-002  2.96638557933294  1235.27976535140  0.309385975551035  1.067501543571511E-003  9.257532448152647E-004
  -14.1616506963497  9.36543564715016  4.441358094906313E-003  4.97272270235133  0.680512764476961  5.346141648630564E-002  2.96361303592238  1235.27976535524  0.309385975551074  1.067501543637581E-003  9.257532448128348E-004
  -13.5646642596344  9.45002731031102  4.441358095879439E-003  4.97269914773551  0.680512764476937  5.346141648630564E-002  2.96001408480178  1235.27976535997  0.309385975551119  1.067501543713110E-003  9.257532448090755E-004
  -13.0140789452200  9.53258811464830  4.441358096844811E-003  4.97265519565012  0.680512764476897  5.346141648630564E-002  2.95566193120196  1235.27976536295  0.309385975551163  1.067501543787452E-003  9.257532448035372E-004
  -12.5042310635955  9.61667488569558  4.441358097725405E-003  4.97257486442719  0.680512764476835  5.346141648630564E-002  2.95062451303599  1235.27976535863  0.309385975551202  1.067501543854282E-003  9.257532447954564E-004
  -12.0402836060070  9.70536783777151  4.441358098488162E-003  4.97243216497797  0.680512764476743  5.346141648630564E-002  2.94496468189016  1235.27976533635  0.309385975551234  1.067501543910668E-003  9.257532447838136E-004
  -11.6338798682751  9.80176276824222  4.441358099124051E-003  4.97218808058619  0.680512764476613  5.346141648630564E-002  2.93874362976643  1235.27976527702  0.309385975551257  1.067501543955590E-003  9.257532447676452E-004
  -11.2926478081349  9.90814854812607  4.441358099124050E-003  4.97178445140645  0.680512764476613  5.346141648630564E-002  2.93196642980577  1235.27976514866  0.309385975551257  1.067501543955590E-003  9.257532447676407E-004
  -10.9979111541427  10.0233051961667  4.441358099124050E-003  4.97111444966836  0.680512764476613  5.346141648630564E-002  2.92441301582056  1235.27976488483  0.309385975551257  1.067501543955590E-003  9.257532447676393E-004
  -10.7214931892541  10.1446330881183  4.441358099124050E-003  4.96998337429675  0.680512764476613  5.346141648630564E-002  2.91573925712326  1235.27976434740  0.309385975551257  1.067501543955590E-003  9.257532447676381E-004
  -10.4827916955914  10.2759385689087  4.441358099124048E-003  4.96814068240441  0.680512764476613  5.346141648630564E-002  2.90593561336390  1235.27976332159  0.309385975551257  1.067501543955590E-003  9.257532447676367E-004
  -10.3286411050894  10.4257818279955  4.441358099124047E-003  4.96532089421542  0.680512764476613  5.346141648630564E-002  2.89519084287831  1235.27976150395  0.309385975551257  1.067501543955590E-003  9.257532447676361E-004
  -10.2584351065527  10.5966274853187  4.441358099124050E-003  4.96104834109976  0.680512764476613  5.346141648630564E-002  2.88310155835671  1235.27975825854  0.309385975551257  1.067501543955590E-003  9.257532447676363E-004
  -10.2189058959682  10.7816738590365  4.441358099124048E-003  4.95422283137166  0.680512764476613  5.346141648630564E-002  2.86844098721151  1235.27975211720  0.309385975551257  1.067501543955590E-003  9.257532447676372E-004
  -10.1314200359461  10.9660572020569  4.441358099124050E-003  4.94240228830952  0.680512764476613  5.346141648630564E-002  2.84940950156772  1235.27973942367  0.309385975551257  1.067501543955590E-003  9.257532447676384E-004
  -9.96298652132831  11.1395765842233  4.441358099124050E-003  4.92170819366323  0.680512764476613  5.346141648630564E-002  2.82499961327403  1235.27971318230  0.309385975551257  1.067501543955590E-003  9.257532447676393E-004
  -9.78943162623199  11.3128921048550  4.441358099124046E-003  4.88816242235556  0.680512764476613  5.346141648630564E-002  2.79608066438842  1235.27966426054  0.309385975551257  1.067501543955590E-003  9.257532447676404E-004
  -9.68658259739225  11.4995590897790  4.441358099124047E-003  4.83801424042292  0.680512764476613  5.346141648630564E-002  2.76359051284918  1235.27957977655  0.309385975551257  1.067501543955590E-003  9.257532447676411E-004
  -9.64723233497375  11.6952599573345  4.441358099124052E-003  4.76680826559029  0.680512764476613  5.346141648630564E-002  2.72723611661744  1235.27943689834  0.309385975551257  1.067501543955590E-003  9.257532447676422E-004
  -9.63456971690354  11.8868015748639  4.441358099124053E-003  4.67071992648227  0.680512764476613  5.346141648630564E-002  2.68676329713437  1235.27920163863  0.309385975551257  1.067501543955590E-003  9.257532447676434E-004
  -9.63022529535286  12.0653985412832  4.441358099124047E-003  4.54898551074679  0.680512764476613  5.346141648630564E-002  2.64281169040307  1235.27883646657  0.309385975551257  1.067501543955590E-003  9.257532447676455E-004
  -9.62850402123192  12.2274932013480  4.441358099124033E-003  4.40421720838691  0.680512764476613  5.346141648630564E-002  2.59644424446230  1235.27830960394  0.309385975551257  1.067501543955590E-003  9.257532447676498E-004
  -9.62751343476516  12.3726008854907  4.441358099124000E-003  4.24114612440979  0.680512764476613  5.346141648630564E-002  2.54864057966574  1235.27760229423  0.309385975551257  1.067501543955590E-003  9.257532447676589E-004
  -9.62661764502147  12.5019125644380  4.441358099123935E-003  4.06516057826917  0.680512764476613  5.346141648630564E-002  2.50011126204959  1235.27671079354  0.309385975551257  1.067501543955591E-003  9.257532447676772E-004
  -9.62555237568924  12.6172741550331  4.441358099123819E-003  3.88129909746364  0.680512764476613  5.346141648630564E-002  2.45129318097636  1235.27564352720  0.309385975551258  1.067501543955592E-003  9.257532447677097E-004
  -9.62425949014781  12.7206550823843  4.441358099123633E-003  3.69380281695750  0.680512764476613  5.346141648630564E-002  2.40241506707082  1235.27441679582  0.309385975551258  1.067501543955594E-003  9.257532447677614E-004
  -9.62274559858113  12.8138749134779  4.441358099123362E-003  3.50602570068069  0.680512764476613  5.346141648630564E-002  2.35356468797499  1235.27305096071  0.309385975551258  1.067501543955597E-003  9.257532447678363E-004
  -9.62103039625946  12.8985126553261  4.441358099122996E-003  3.32051628940264  0.680512764476613  5.346141648630564E-002  2.30474001888116  1235.27156777970  0.309385975551259  1.067501543955600E-003  9.257532447679377E-004
  -9.61914286355610  12.9759061055803  4.441358099122530E-003  3.13915445116340  0.680512764476613  5.346141648630564E-002  2.25588285476629  1235.26998874219  0.309385975551260  1.067501543955604E-003  9.257532447680678E-004
  -9.61712192214018  13.0471811208106  4.441358099121945E-003  2.96328865877201  0.680512764476613  5.346141648630564E-002  2.20689891745203  1235.26833410507  0.309385975551262  1.067501543955609E-003  9.257532447682298E-004
  -9.61500005977521  13.1132819122640  4.441358099121227E-003  2.79385432236093  0.680512764476613  5.346141648630564E-002  2.15766902079822  1235.26662239898  0.309385975551263  1.067501543955615E-003  9.257532447684273E-004
  -9.61278802047102  13.1750000629935  4.441358099120357E-003  2.63146990987586  0.680512764476613  5.346141648630564E-002  2.10805478807514  1235.26487022299  0.309385975551266  1.067501543955621E-003  9.257532447686661E-004
  -9.61047979251181  13.2330062455957  4.441358099119307E-003  2.47651309127023  0.680512764476612  5.346141648630564E-002  2.05790091222424  1235.26309219531  0.309385975551269  1.067501543955629E-003  9.257532447689531E-004
  -9.60806708862346  13.2878804886732  4.441358099118044E-003  2.32918012354465  0.680512764476611  5.346141648630564E-002  2.00703485649696  1235.26130099081  0.309385975551273  1.067501543955637E-003  9.257532447692975E-004
  -9.60554752853050  13.3401359680396  4.441358099116526E-003  2.18953178198310  0.680512764476610  5.346141648630564E-002  1.95526450267190  1235.25950742810  0.309385975551278  1.067501543955646E-003  9.257532447697095E-004
  -9.60292243216231  13.3902357967283  4.441358099114708E-003  2.05752890121946  0.680512764476607  5.346141648630564E-002  1.90237409261543  1235.25772058548  0.309385975551285  1.067501543955655E-003  9.257532447702012E-004
  -9.60018868696461  13.4386054116627  4.441358099112538E-003  1.93306008364381  0.680512764476603  5.346141648630564E-002  1.84811859003705  1235.25594793119  0.309385975551294  1.067501543955663E-003  9.257532447707861E-004
  -9.59733236522047  13.4856442358674  4.441358099109960E-003  1.81596358848497  0.680512764476597  5.346141648630564E-002  1.79221630891577  1235.25419545095  0.309385975551306  1.067501543955670E-003  9.257532447714778E-004
  -9.59432853455579  13.5317390789593  4.441358099106916E-003  1.70604492723683  0.680512764476589  5.346141648630564E-002  1.73433934735742  1235.25246775953  0.309385975551321  1.067501543955675E-003  9.257532447722914E-004
  -9.59114580404495  13.5772796601233  4.441358099103327E-003  1.60309132796973  0.680512764476576  5.346141648630564E-002  1.67410107924317  1235.25076819370  0.309385975551342  1.067501543955675E-003  9.257532447732448E-004
  -9.58775101807437  13.6226756656028  4.441358099099102E-003  1.50688401574142  0.680512764476559  5.346141648630564E-002  1.61103969690427  1235.24909888704  0.309385975551369  1.067501543955668E-003  9.257532447743596E-004
  -9.58410964965568  13.6683750818428  4.441358099094123E-003  1.41720914606260  0.680512764476535  5.346141648630564E-002  1.54459652321131  1235.24746083552  0.309385975551405  1.067501543955649E-003  9.257532447756638E-004
  -9.58017947746574  13.7148846997092  4.441358099088234E-003  1.33386818122472  0.680512764476499  5.346141648630564E-002  1.47408750347579  1235.24585396716  0.309385975551453  1.067501543955612E-003  9.257532447771935E-004
  -9.57589837492284  13.7627954108126  4.441358099081201E-003  1.25668848493062  0.680512764476449  5.346141648630564E-002  1.39866602245946  1235.24427724176  0.309385975551520  1.067501543955547E-003  9.257532447789986E-004
  -9.57116963981469  13.8128164768407  4.441358099072686E-003  1.18553486695034  0.680512764476374  5.346141648630564E-002  1.31727526321699  1235.24272883480  0.309385975551613  1.067501543955435E-003  9.257532447811535E-004
  -9.56584788298670  13.8658232288191  4.441358099062169E-003  1.12032259335759  0.680512764476262  5.346141648630564E-002  1.22858956715146  1235.24120652592  0.309385975551748  1.067501543955246E-003  9.257532447837669E-004
  -9.55972508484180  13.9229207439583  4.441358099048808E-003  1.06103165634850  0.680512764476086  5.346141648630564E-002  1.13094869247040  1235.23970854265  0.309385975551952  1.067501543954925E-003  9.257532447870078E-004
  -9.55251150667429  13.9855200033778  4.441358099031134E-003  1.00772011778951  0.680512764475796  5.346141648630564E-002  1.02230076881691  1235.23823530923  0.309385975552277  1.067501543954360E-003  9.257532447911574E-004
  -9.54380115370680  14.0554078453573  4.441358099006386E-003  0.960529716333663  0.680512764475286  5.346141648630564E-002  0.900196322656399  1235.23679273756  0.309385975552836  1.067501543953309E-003  9.257532447967096E-004
  -9.53301380475200  14.1347614534798  4.441358098969012E-003  0.919668270481921  0.680512764474304  5.346141648630564E-002  0.761922690370112  1235.23539736850  0.309385975553887  1.067501543951199E-003  9.257532448045648E-004
  -9.51932920985635  14.2260143609389  4.441358098907011E-003  0.885343301244388  0.680512764472200  5.346141648630564E-002  0.604916179878707  1235.23408162619  0.309385975556095  1.067501543946526E-003  9.257532448164110E-004
  -9.50166536046900  14.3314603434125  4.441358098792003E-003  0.857625713127007  0.680512764467130  5.346141648630564E-002  0.427544880630460  1235.23289295039  0.309385975561334  1.067501543934969E-003  9.257532448354373E-004
  -9.47875023284099  14.4525834823381  4.441358098544557E-003  0.836270475068427  0.680512764453007  5.346141648630564E-002  0.230068273787474  1235.23187884218  0.309385975575752  1.067501543902154E-003  9.257532448682042E-004
  -9.44926145126561  14.5893832413766  4.441358097826473E-003  0.820603489891166  0.680512764400897  5.346141648630564E-002  1.514776568724696E-002  1235.23106247228  0.309385975628483  1.067501543779393E-003  9.257532449348881E-004
  -9.38294598503368  14.7299718701654  4.441358093514361E-003  0.809547479643996  0.680512764015632  5.346141648630564E-002 -0.212010523154337  1235.23047585489  0.309385976015953  1.067501542863050E-003  9.257532451514850E-004
  -9.21870628235667  14.8618514740724  3.499958070842399E-003  0.801654538237399  0.575821124184678  5.346141648630564E-002 -0.438436092992593  1235.22982148262  0.414153993834971  8.159218178783334E-004  9.257532484202176E-004
  -8.98387120221500  14.9890684846774  2.625719635730241E-003  0.795607594577186  0.478164558363737  5.346141648630564E-002 -0.651876940584174  1235.22911609165  0.511881547375893  5.840173844490068E-004  9.257532491530618E-004
  -8.70486298058456  15.1168220893449  1.873226099895102E-003  0.790599673125491  0.393396667383642  5.346141648630564E-002 -0.849338222630129  1235.22838993123  0.596710634304332  3.865596184724252E-004  9.257532492148540E-004
  -8.40418772146363  15.2467233255980  1.310082192544753E-003  0.786145099002426  0.329041952663655  5.346141648630564E-002 -1.03115227237425  1235.22764843753  0.661111263156790  2.407487400655220E-004  9.257532491710773E-004
  -8.09864866148218  15.3776874130237  9.378471607956536E-004  0.781975359695501  0.285419902595177  5.346141648630564E-002 -1.19894246178309  1235.22686595877  0.704763794980240  1.460009004836036E-004  9.257532491303801E-004
  -7.80096357835871  15.5071776436490  7.156277219165848E-004  0.777967856611244  0.258164289826478  5.346141648630564E-002 -1.35381132370040  1235.22601373808  0.732037747348762  9.077723915469472E-005  9.257532491044829E-004
  -7.52133907625965  15.6320257590813  5.932004169329742E-004  0.774100486339637  0.241849281683744  5.346141648630564E-002 -1.49573266345125  1235.22508649062  0.748363004996038  6.147214053933378E-005  9.257532490900370E-004
  -7.26665745624488  15.7490624164638  5.292793894894348E-004  0.770408276716304  0.232003044989519  5.346141648630564E-002 -1.62411227546546  1235.22409973942  0.758214735426295  4.712739486517481E-005  9.257532490826808E-004
  -7.03984402612066  15.8563709380281  4.963833342715355E-004  0.766934964993518  0.225647612260629  5.346141648630564E-002 -1.73884527524183  1235.22308582636  0.764573127751273  4.056523150678673E-005  9.257532490791982E-004
  -6.83972113344831  15.9537268987747  4.787601456856001E-004  0.763697739641917  0.221072917766983  5.346141648630564E-002 -1.84091364553938  1235.22207837654  0.769149523795460  3.773741909141454E-005  9.257532490776406E-004
  -6.66256149440824  16.0421607301633  4.683267339262724E-004  0.760680812434006  0.217394188841091  5.346141648630564E-002 -1.93215449693156  1235.22109550826  0.772829354536323  3.660991921575873E-005  9.257532490769728E-004
  -6.50423123983745  16.1233312856728  4.612344322043362E-004  0.757848578087442  0.214180119441822  5.346141648630564E-002 -2.01467399172116  1235.22014004807  0.776044243755746  3.624928008640488E-005  9.257532490766971E-004
  -6.36107053439459  16.1989258652535  4.557307493802403E-004  0.755160325603886  0.211223305568918  5.346141648630564E-002 -2.09041452758953  1235.21920673545  0.779001745248895  3.626465056045389E-005  9.257532490765866E-004
  -6.23001842887291  16.2703481657378  4.510313978002081E-004  0.752578620533899  0.208419888834685  5.346141648630564E-002 -2.16098074408341  1235.21828315584  0.781805790454232  3.651832233126773E-005  9.257532490765431E-004
  -6.10855967495205  16.3386589649960  4.467801284408104E-004  0.750072215917926  0.205711830375133  5.346141648630564E-002 -2.22762773698785  1235.21735274639  0.784514458333519  3.698939253842942E-005  9.257532490765271E-004
  -5.99445707582706  16.4045535585788  4.428034545256087E-004  0.747616154665262  0.203060018427440  5.346141648630564E-002 -2.29131086860011  1235.21639089350  0.787166887649743  3.771228973727291E-005  9.257532490765209E-004
  -5.88592960887270  16.4685318497423  4.390016871796220E-004  0.745190863132642  0.200431106509302  5.346141648630564E-002 -2.35274804394375  1235.21535798386  0.789796447319698  3.874794252443499E-005  9.257532490765191E-004
  -5.78163984211174  16.5309831152426  4.352989972873261E-004  0.742781075807597  0.197789580304555  5.346141648630564E-002 -2.41247785262636  1235.21418889802  0.792438672834508  4.016697560054745E-005  9.257532490765188E-004
  -5.68037991965507  16.5921369329523  4.316166118622186E-004  0.740374853299632  0.195090682223869  5.346141648630564E-002 -2.47090311456168  1235.21275216372  0.795138342684414  4.203589013400451E-005  9.257532490765188E-004
  -5.58124100597424  16.6521827216384  4.278521973678947E-004  0.737962764977393  0.192271428924461  5.346141648630564E-002 -2.52832270141155  1235.21073282435  0.797958461118384  4.440343878955566E-005  9.257532490765188E-004
  -5.48358703028171  16.7113008580927  4.238570812392541E-004  0.735537240391033  0.189237520824492  5.346141648630564E-002 -2.58495690132113  1235.20725548032  0.800993349393334  4.728819077720871E-005  9.257532490765188E-004
  -5.38673417897444  16.7695724356523  4.194071450192582E-004  0.733092021499580  0.185843996771262  5.346141648630564E-002 -2.64096269765038  1235.19964234570  0.804387993486474  5.067101195379142E-005  9.257532490765188E-004
  -5.29005564698189  16.8270467092315  4.141671739874331E-004  0.730621662866911  0.181868195657428  5.346141648630564E-002 -2.69644167012897  1235.17952788010  0.808365087112409  5.449613749430759E-005  9.257532490765188E-004
  -5.19308902101650  16.8838054306692  4.076550696551428E-004  0.728121059858042  0.176975993699492  5.346141648630564E-002 -2.75144591118065  1235.12107006014  0.813258800721428  5.868199500238293E-005  9.257532490765188E-004
  -5.09533477738346  16.9399058296375  3.992238704998973E-004  0.725584954537323  0.170688256915145  5.346141648630564E-002 -2.80597931796052  1234.94662216409  0.819548334079777  6.313806768623394E-005  9.257532490765188E-004
  -4.99616472721166  16.9953617657694  3.880974357201956E-004  0.723007358723329  0.162367139996773  5.346141648630564E-002 -2.85999333662999  1234.43138851267  0.827871615289430  6.777902209839857E-005  9.257532490765188E-004
  -4.89489061556807  17.0501768904309  3.735084068607191E-004  0.720380876358299  0.151258044340101  5.346141648630564E-002 -2.91338243446725  1232.95562587782  0.838983325940592  7.252727709024645E-005  9.257532490765188E-004
  -4.79078240576736  17.1043384645760  3.549841827471234E-004  0.717695959155779  0.136642295599462  5.346141648630564E-002 -2.96598499121630  1228.90737846159  0.853602185654053  7.730011877148693E-005  9.257532490765188E-004
  -4.68296083037232  17.1577283721824  3.327649679892394E-004  0.714940187061500  0.118148533969508  5.346141648630564E-002 -3.01759500001161  1218.41646335765  0.872099505824419  8.198753597753823E-005  9.257532490765188E-004
  -4.57030943366534  17.2099976525601  3.081891142300495E-004  0.712097752287496  9.618872400196601E-002  5.346141648630564E-002 -3.06799125697667  1193.16648562062  0.894063128837919  8.643589715087176E-005  9.257532490765188E-004
  -4.45155053033532  17.2604765705663  2.837298240829427E-004  0.709149410362442  7.231934666302172E-002  5.346141648630564E-002 -3.11698760202184  1138.16796000193  0.917936232236696  9.045422028797086E-005  9.257532490765188E-004
  -4.32497723427705  17.3079980856450  2.623935248814708E-004  0.706073068154108  4.916719971981006E-002  5.346141648630564E-002 -3.16448937753335  1033.47385324633  0.941091609407529  9.385310045479129E-005  9.257532490765186E-004
  -4.18799158568503  17.3508200063171  2.465802406133040E-004  0.702844815427303  2.962138801734635E-002  5.346141648630564E-002 -3.21051977944940  866.019785257375  0.960639830449052  9.650512393899167E-005  9.257532490765186E-004
  -4.03728422472735  17.3870052477029  2.371051719347633E-004  0.699439792021955  1.557230692690291E-002  5.346141648630564E-002 -3.25518735208494  648.987199692414  0.974690386840742  9.839353074759053E-005  9.257532490765186E-004
  -3.87005415708147  17.4152068978249  2.331221420996540E-004  0.695832237024414  7.103857386132945E-003  5.346141648630564E-002 -3.29860837251986  426.349194166439  0.983159484089529  9.960975194841275E-005  9.257532490765188E-004
  -3.68575905888374  17.4353686139319  2.329304976850372E-004  0.691994627191877  2.836667942608955E-003  5.346141648630564E-002 -3.34084126943461  246.218157098261  0.987426714914161  1.002936651165890E-004  9.257532490765188E-004
  -3.48677901440074  17.4487330036827  2.349197119714375E-004  0.687896514437492  1.013253292995227E-003  5.346141648630564E-002 -3.38188000768158  128.793628681529  0.989249793689442  1.005616465589153E-004  9.257532490765188E-004
  -3.27737069158759  17.4571983754766  2.380374367113060E-004  0.683503778276665  3.335329840534241E-004  5.346141648630564E-002 -3.42169456255530  64.4521876252253  0.989929002201412  1.004804478467469E-004  9.257532490765188E-004
  -3.06198839411090  17.4625998091222  2.417436345016246E-004  0.678778523212503  1.041461313534093E-004  5.346141648630564E-002 -3.46027218745014  33.3257040827236  0.990157855787617  1.000976161837916E-004  9.257532490765190E-004
  -2.84424347334932  17.4663382807675  2.457906424261788E-004  0.673679420270941  3.161036230095508E-005  5.346141648630564E-002 -3.49763308988322  19.3906375322423  0.990229875807092  9.947158222700638E-005  9.257532490765190E-004
  -2.62671822426020  17.4693527172682  2.500492118219656E-004  0.668162247939649  9.484808228604454E-006  5.346141648630564E-002 -3.53382592427899  13.3985759914521  0.990251460478458  9.866894760491190E-005  9.257532490765191E-004
  -2.41122724778084  17.4722480757849  2.544221869127730E-004  0.662180538457876  2.823117650924488E-006  5.346141648630564E-002 -3.56891730531409  10.8675183538134  0.990257521635943  9.774669086171384E-005  9.257532490765190E-004
  -2.19914119014800  17.4754341770108  2.588143364854225E-004  0.655686357381150  8.334323907154422E-007  5.346141648630564E-002 -3.60298333779158  9.80864334671145  0.990258855537079  9.674286945009868E-005  9.257532490765190E-004
  -1.99161880830796  17.4792228912570  2.631261229631402E-004  0.648631283141747  2.434773518654386E-007  5.346141648630564E-002 -3.63610465945467  9.36884184382748  0.990258760207820  9.568033420841413E-005  9.257532490765188E-004
  -1.78973783640713  17.4838840796864  2.672579610541559E-004  0.640967641646219  7.035098096156888E-008  5.346141648630564E-002 -3.66836400051619  9.18759661313397  0.990258246236552  9.457351015829436E-005  9.257532490765188E-004
  -1.59455466843740  17.4896737785025  2.711184224352831E-004  0.632650019144907  2.006417000910814E-008  5.346141648630564E-002 -3.69984506684385  9.11365693807210  0.990257629761168  9.343391359072511E-005  9.257532490765188E-004
  -1.40711572438908  17.4968440216510  2.746321853518984E-004  0.623637036029010  5.632942467923455E-009  5.346141648630564E-002 -3.73063192759905  9.08402565087656  0.990257013726568  9.227308118521780E-005  9.257532490765188E-004
  -1.22843271661021  17.5056388680683  2.777454770122671E-004  0.613893317924476  1.553834054425528E-009  5.346141648630564E-002 -3.76080841460205  9.07253299349130  0.990256434565832  9.110369413295833E-005  9.257532490765188E-004
  -1.05942859996330  17.5162786492272  2.804293010714457E-004  0.603391551934438  4.189838212293547E-010  5.346141648630564E-002 -3.79045724946585  9.06830517601079  0.990255906469957  8.993949860700035E-005  9.257532490765188E-004
  -0.900869444390427  17.5289376728040  2.826776869510765E-004  0.592114473828242  1.085458114324136E-010  5.346141648630564E-002 -3.81965879497379  9.06680707214731  0.990255434963676  8.879441666741663E-005  9.257532490765188E-004
  -0.753302670589682  17.5437228812877  2.845042753678667E-004  0.580056608158421  2.492088602579291E-011  5.346141648630564E-002 -3.84848952175369  9.06613073508293  0.990255021191281  8.768120054758741E-005  9.257532490765188E-004
  -0.617007896348504  17.5606556569745  2.859365019461748E-004  0.567225584470660  0.000000000000000  5.346141648630564E-002 -3.87702037675954  9.06549765875275  0.990254663629473  8.661001718139907E-005  9.257532490765188E-004
  -0.491969161921762  17.5796604374207  2.870099779925040E-004  0.553642881779056  0.000000000000000  5.346141648630564E-002 -3.90531524412830  9.06446842028871  0.990254358959050  8.558728778412934E-005  9.257532490765188E-004
  -0.377881172757086  17.6005657946362  2.877640279902917E-004  0.539343909326021  0.000000000000000  5.346141648630564E-002 -3.93342970801069  9.06280693115605  0.990254102624569  8.461506067906072E-005  9.257532490765188E-004
  -0.274182843466267  17.6231159233871  2.882386905507184E-004  0.524377403076623  0.000000000000000  5.346141648630564E-002 -3.96141027949050  9.06052440497955  0.990253889266231  8.369116709111283E-005  9.257532490765188E-004
  -0.180111101244445  17.6469902284167  2.884732038404005E-004  0.508804189849844  0.000000000000000  5.346141648630564E-002 -3.98929414086680  9.05768101115468  0.990253713085161  8.281022278073944E-005  9.257532490765188E-004
  -9.479534154343758E-002  17.6718398716467  2.885058267544063E-004  0.492695437437481  0.000000000000000  5.346141648630564E-002 -4.01710949421760  9.05438149727967  0.990253568140370  8.196525749609201E-005  9.257532490765188E-004
  -1.737683940159361E-002  17.6973351879940  2.883740848812005E-004  0.476130555360652  0.000000000000000  5.346141648630564E-002 -4.04487662372406  9.05076387213537  0.990253448646255  8.114966121104192E-005  9.257532490765188E-004
   5.290238069713574E-002  17.7232010261966  2.881148394486304E-004  0.459194920318121  0.000000000000000  5.346141648630564E-002 -4.07260953259530  9.04698607748963  0.990253349285553  8.035900877785096E-005  9.257532490765188E-004
   0.116670862411234  17.7492273723023  2.877638214014748E-004  0.441977576786308  0.000000000000000  5.346141648630564E-002 -4.10031775154059  9.04321783165202  0.990253265568553  7.959237432406360E-005  9.257532490765188E-004
   0.174475874700773  17.7752478709545  2.873541692872416E-004  0.424569022095236  0.000000000000000  5.346141648630564E-002 -4.12800781894644  9.03964272865847  0.990253194473418  7.885304414387532E-005  9.257532490765188E-004
   0.226841375381264  17.8011139526926  2.869132411753746E-004  0.407059153838511  0.000000000000000  5.346141648630564E-002 -4.15568416554211  9.03646205316946  0.990253136121835  7.814908450038931E-005  9.257532490765195E-004
   0.274267732900415  17.8266932214281  2.864562497033743E-004  0.389535445058173  0.000000000000000  5.346141648630564E-002 -4.18334963174475  9.03388944010023  0.990253098117954  7.749515915676520E-005  9.257532490765236E-004
   0.317208707375147  17.8518775317705  2.859770132583243E-004  0.372081397609284  0.000000000000000  5.346141648630564E-002 -4.21100594134585  9.03213841912327  0.990253103307502  7.691735677707058E-005  9.257532490765367E-004
   0.356058484285032  17.8765870630044  2.854492337419544E-004  0.354775299182924  0.000000000000000  5.346141648630564E-002 -4.23865419512993  9.03141035019949  0.990253191754338  7.645825745661236E-005  9.257532490765691E-004
   0.391155810546709  17.9007673795765  2.848767007135585E-004  0.337689284204305  0.000000000000000  5.346141648630564E-002 -4.26629530950757  9.03188569179150  0.990253385937034  7.616483150275595E-005  9.257532490766231E-004
   0.422798289864266  17.9243823512871  2.843905000398437E-004  0.320888680543214  0.000000000000000  5.346141648630564E-002 -4.29393032885815  9.03371547604556  0.990253610159979  7.603835204473464E-005  9.257532490766799E-004
   0.451253338909829  17.9474085995658  2.841737332978557E-004  0.304431614185688  0.000000000000000  5.346141648630564E-002 -4.32156060887060  9.03702498775461  0.990253719660199  7.600166019948868E-005  9.257532490767087E-004
   0.476760190174127  17.9698338484155  2.841126121633675E-004  0.288368839876558  0.000000000000000  5.346141648630564E-002 -4.34918792844407  9.04190398972889  0.990253751793882  7.599400364193736E-005  9.257532490767177E-004
   0.499528080276166  17.9916570793029  2.840989642287146E-004  0.272743763702657  0.000000000000000  5.346141648630564E-002 -4.37681458394790  9.04839848390856  0.990253758449795  7.599278318390009E-005  9.257532490767190E-004
   0.519738666101462  18.0128870176863  2.840779419537651E-004  0.257592622516627  0.000000000000000  5.346141648630564E-002 -4.40444347341457  9.05651899285087  0.990253759510849  7.599262785474992E-005  9.257532490767190E-004
   0.537552117948631  18.0335391634427  2.838482474449976E-004  0.242944786017911  0.000000000000000  5.346141648630564E-002 -4.43207815256500  9.06624030912039  0.990253759648228  7.599261157186587E-005  9.257532490767190E-004
   0.553113038919955  18.0536329800900  2.817225260912829E-004  0.228823150266202  0.000000000000000  5.346141648630564E-002 -4.45972285668715  9.07750566116693  0.990253759663976  7.599261013717878E-005  9.257532490767188E-004
   0.566554923449686  18.0731897551817  2.682114294273583E-004  0.215244595325476  0.000000000000000  5.346141648630564E-002 -4.48738249752499  9.09023177036561  0.990253759670442  7.599261002999677E-005  9.257532490767138E-004
   0.578001123609525  18.0922320368739  2.235527581395692E-004  0.202220483936663  0.000000000000000  5.346141648630564E-002 -4.51506265284055  9.10522497583634  0.990253759687263  7.599261002330183E-005  9.257532490766955E-004
   0.587570035363854  18.1107819089619  2.166985136043009E-004  0.189757181367670  0.000000000000000  5.346141648630564E-002 -4.54276953606019  9.12151087882448  0.990253759689871  7.599261002295461E-005  9.257532490766932E-004
   0.595376032777856  18.1288594759876  2.161423658515985E-004  0.177856580902084  0.000000000000000  5.346141648630564E-002 -4.57050996578331  9.13851114848959  0.990253759690232  7.599261002293935E-005  9.257532490766932E-004
   0.601527759206884  18.1464843177579  2.161188444603211E-004  0.166516622754862  0.000000000000000  5.346141648630564E-002 -4.59829135482686  9.15641734201002  0.990253759690453  7.599261002293884E-005  9.257532490766932E-004
   0.606127478645134  18.1636756832192  2.161188437120948E-004  0.155731796388792  0.000000000000000  5.346141648630564E-002 -4.62612170518465  9.17464228631582  0.990253759690461  7.599261002293884E-005  9.257532490766932E-004
   0.609270541870887  18.1804527509997  2.161188435870570E-004  0.145493619140446  0.000000000000000  5.346141648630564E-002 -4.65400962014828  9.19357665923159  0.990253759690463  7.599261002293884E-005  9.257532490766932E-004
   0.611044475129356  18.1968350941717  2.161188435461784E-004  0.135791086000114  0.000000000000000  5.346141648630564E-002 -4.68196433292221  9.21306944237136  0.990253759690465  7.599261002293884E-005  9.257532490766932E-004
   0.611729144382823  18.2127575183897  2.161188435280320E-004  0.126611078822450  0.000000000000000  5.346141648630564E-002 -4.70999511412571  9.23268939727784  0.990253759690466  7.599261002293884E-005  9.257532490766932E-004
   0.611981281657249  18.2279915744643  2.161188435186963E-004  0.117938730064807  0.000000000000000  5.346141648630564E-002 -4.73810937903801  9.25175599814420  0.990253759690466  7.599261002293884E-005  9.257532490766932E-004
   0.612223055789301  18.2424059948467  2.161188435134907E-004  0.109757770361581  0.000000000000000  5.346141648630564E-002 -4.76631196355421  9.26991601029895  0.990253759690466  7.599261002293884E-005  9.257532490766932E-004
   0.612454753705301  18.2560464215958  2.161188435104275E-004  0.102050861371279  0.000000000000000  5.346141648630564E-002 -4.79460697887583  9.28710580654072  0.990253759690467  7.599261002293884E-005  9.257532490766932E-004
   0.612676670072834  18.2689558275111  2.161188435085471E-004  9.479988861035020E-002  0.000000000000000  5.346141648630564E-002 -4.82299910576182  9.30323205345815  0.990253759690467  7.599261002293884E-005  9.257532490766932E-004
   0.612889104909576  18.2811746765207  2.161188435073535E-004  8.798621495132117E-002  0.000000000000000  5.346141648630564E-002 -4.85149358732090  9.31815245643330  0.990253759690467  7.599261002293884E-005  9.257532490766932E-004
   0.613092361455073  18.2927410757882  2.161188435065760E-004  8.159090067540555E-002  0.000000000000000  5.346141648630564E-002 -4.88009622951601  9.33167165595341  0.990253759690467  7.599261002293884E-005  9.257532490766932E-004
   0.613286744360959  18.3036909195051  2.161188435060589E-004  7.559489288886198E-002  0.000000000000000  5.346141648630564E-002 -4.90881340905137  9.34351467546135  0.990253759690468  7.599261002293884E-005  9.257532490766932E-004
   0.613472558103867  18.3140580244093  2.161188435057074E-004  6.997918709147509E-002  0.000000000000000  5.346141648630564E-002 -4.93765208844358  9.35328177369701  0.990253759690468  7.599261002293884E-005  9.257532490766932E-004
   0.613650105542842  18.3238742572718  2.161188435054646E-004  6.472496360799175E-002  0.000000000000000  5.346141648630564E-002 -4.96661983821004  9.36042138787304  0.990253759690468  7.599261002293884E-005  9.257532490766932E-004
   0.613819686781037  18.3331696545631  2.161188435052960E-004  5.981370147558479E-002  0.000000000000000  5.346141648630564E-002 -4.99572486623702  9.36424520681512  0.990253759690468  7.599261002293884E-005  9.257532490766932E-004
   0.613981598147271  18.3419725346801  2.161188435051751E-004  5.522727223599676E-002  0.000000000000000  5.346141648630564E-002 -5.02497605452220  9.36394969793438  0.990253759690468  7.599261002293884E-005  9.257532490766932E-004
   0.614136131296867  18.3503096030753  2.161188435050883E-004  5.094801591993611E-002  0.000000000000000  5.346141648630564E-002 -5.05438300362739  9.35853708764071  0.990253759690468  7.599261002293884E-005  9.257532490766932E-004
   0.614283572523067  18.3582060506154  2.161188435050253E-004  4.695880134170735E-002  0.000000000000000  5.346141648630564E-002 -5.08395608532636  9.34677576988820  0.990253759690468  7.599261002293884E-005  9.257532490766932E-004
   0.614424202134900  18.3656856456577  2.161188435049794E-004  4.324307264969340E-002  0.000000000000000  5.346141648630564E-002 -5.11370650409580  9.32723377244328  0.990253759690468  7.599261002293884E-005  9.257532490766932E-004
   0.614558293990743  18.3727708201008  2.161188435049459E-004  3.978488390792488E-002  0.000000000000000  5.346141648630564E-002 -5.14364636828200  9.29829035052315  0.990253759690468  7.599261002293884E-005  9.257532490766932E-004
   0.614686115081646  18.3794827498723  2.161188435049359E-004  3.656892331858963E-002  0.000000000000000  5.346141648630564E-002 -5.17378877198480  9.25843380437300  0.990253759690468  7.599261002293884E-005  9.257532490766932E-004
   0.614807925209427  18.3858414301845  2.161188435049296E-004  3.358052853727133E-002  0.000000000000000  5.346141648630564E-002 -5.20414788894317  9.20626270864669  0.990253759690468  7.599261002293884E-005  9.257532490766932E-004
   0.614923976826435  18.3918657458494  2.161188435049244E-004  3.080569438349409E-002  0.000000000000000  5.346141648630564E-002 -5.23473907999007  9.14020195545831  0.990253759690468  7.599261002293884E-005  9.257532490766932E-004
   0.615034514766300  18.3975735371097  2.161188435049214E-004  2.823107410964404E-002  0.000000000000000  5.346141648630564E-002 -5.26557901598390  9.05861447343724  0.990253759690468  7.599261002293884E-005  9.257532490766932E-004
   0.615139776198979  18.4029816611478  2.161188435049181E-004  2.584397526202533E-002  0.000000000000000  5.346141648630564E-002 -5.29668581852837  8.95993853618702  0.990253759690468  7.599261002293884E-005  9.257532490766932E-004
   0.615239990591452  18.4081060496542  2.161188435049147E-004  2.363235104879514E-002  0.000000000000000  5.346141648630564E-002 -5.32807922128373  8.84274344915820  0.990253759690468  7.599261002293884E-005  9.257532490766932E-004
   0.615335379602413  18.4129617627250  2.161188435049111E-004  2.158478802069359E-002  0.000000000000000  5.346141648630564E-002 -5.35978075527493  8.70578347271247  0.990253759690468  7.599261002293884E-005  9.257532490766932E-004
   0.615426157199233  18.4175630392931  2.161188435049088E-004  1.969049077147005E-002  0.000000000000000  5.346141648630564E-002 -5.39181396233953  8.54804727902301  0.990253759690468  7.599261002293884E-005  9.257532490766932E-004
   0.615512529668889  18.4219233443958  2.161188435049059E-004  1.793926427536574E-002  0.000000000000000  5.346141648630564E-002 -5.42420464177601  8.36903326704449  0.990253759690468  7.599261002293884E-005  9.257532490766932E-004
   0.615594695702877  18.4260554134536  2.161188435049036E-004  1.632149439832662E-002  0.000000000000000  5.346141648630564E-002 -5.45698113640178  8.16924394179242  0.990253759690468  7.599261002293884E-005  9.257532490766932E-004
   0.615672846512426  18.4299712937759  2.161188435049020E-004  1.482812704729899E-002  0.000000000000000  5.346141648630564E-002 -5.49017466567401  7.94940309935133  0.990253759690468  7.599261002293884E-005  9.257532490766932E-004
   0.615747165961844  18.4336823835113  2.161188435049004E-004  1.345064635736515E-002  0.000000000000000  5.346141648630564E-002 -5.52381971536052  7.70999596735920  0.990253759690468  7.599261002293884E-005  9.257532490766932E-004
   0.615817830677311  18.4371994681852  2.161188435048993E-004  1.218105225906252E-002  0.000000000000000  5.346141648630564E-002 -5.55795449559489  7.45181950871470  0.990253759690468  7.599261002293884E-005  9.257532490766932E-004
   0.615885010275710  18.4405327550033  2.161188435048974E-004  1.101183771738025E-002  0.000000000000000  5.346141648630564E-002 -5.59262148217694  7.17596737415890  0.990253759690468  7.599261002293884E-005  9.257532490766932E-004
   0.615948867441812  18.4436919050853  2.161188435048953E-004  9.935965889125768E-003  0.000000000000000  5.346141648630564E-002 -5.62786805991895  6.88380692283083  0.990253759690468  7.599261002293884E-005  9.257532490766932E-004
   0.616009558201330  18.4466860637401  2.161188435048945E-004  8.946847406068946E-003  0.000000000000000  5.346141648630564E-002 -5.66374729201217  6.57694967061158  0.990253759690468  7.599261002293884E-005  9.257532490766932E-004
   0.616067232031304  18.4495238889291  2.161188435048932E-004  8.038317957015929E-003  0.000000000000000  5.346141648630564E-002 -5.70031884624994  6.25721669603756  0.990253759690468  7.599261002293884E-005  9.257532490766932E-004
   0.616122032077070  18.4522135780698  2.161188435048931E-004  7.204616312340947E-003  0.000000000000000  5.346141648630564E-002 -5.73765011814227  5.92660054302168  0.990253759690468  7.599261002293884E-005  9.257532490766932E-004
   0.616174095343292  18.4547628932021  2.161188435048917E-004  6.440362909105094E-003  0.000000000000000  5.346141648630564E-002 -5.77581760342473  5.58722494819811  0.990253759690468  7.599261002293884E-005  9.257532490766932E-004
   0.616223552909870  18.4571791847122  2.161188435048907E-004  5.740539093438505E-003  0.000000000000000  5.346141648630564E-002 -5.81490858957515  5.24130500383643  0.990253759690468  7.599261002293884E-005  9.257532490766932E-004
   0.616270530104602  18.4594694136498  2.161188435048883E-004  5.100467099105527E-003  0.000000000000000  5.346141648630564E-002 -5.85502325974270  4.89110752375820  0.990253759690468  7.599261002293884E-005  9.257532490766932E-004
   0.616315146695467  18.4616401727526  2.161188435048865E-004  4.515790826994055E-003  0.000000000000000  5.346141648630564E-002 -5.89627733605039  4.53891293621534  0.990253759690468  7.599261002293884E-005  9.257532490766932E-004
   0.616357517090857  18.4636977062351  2.161188435048854E-004  3.982457479664716E-003  0.000000000000000  5.346141648630564E-002 -5.93880543731284  4.18698112830161  0.990253759690468  7.599261002293884E-005  9.257532490766932E-004
   0.616397750554559  18.4656479284030  2.161188435048838E-004  3.496700098248497E-003  0.000000000000000  5.346141648630564E-002 -5.98276539629307  3.83752071781834  0.990253759690468  7.599261002293884E-005  9.257532490766932E-004
   0.616435951356279  18.4674964412017  2.161188435048810E-004  3.055021046345801E-003  0.000000000000000  5.346141648630564E-002 -6.02834388571783  3.49291182885287  0.990253759690468  7.599261002293884E-005  9.257532490766932E-004
   0.616472218958308  18.4692485506730  2.161188435048792E-004  2.654176488015016E-003  0.000000000000000  5.346141648630564E-002 -6.07576386016852  3.15573363571627  0.990253759690468  7.599261002293884E-005  9.257532490766932E-004
   0.616506648246237  18.4709092824057  2.161188435048772E-004  2.291161915971747E-003  0.000000000000000  5.346141648630564E-002 -6.12529456610006  2.82813550830317  0.990253759690468  7.599261002293884E-005  9.257532490766932E-004
   0.616539329639972  18.4724833959808  2.161188435048752E-004  1.963198804363700E-003  0.000000000000000  5.346141648630564E-002 -6.17726526290190  2.51177659440292  0.990253759690468  7.599261002293884E-005  9.257532490766932E-004
   0.616570349283696  18.4739753983893  2.161188435048723E-004  1.667722492442101E-003  0.000000000000000  5.346141648630564E-002 -6.23208443910992  2.20817577859675  0.990253759690468  7.599261002293884E-005  9.257532490766932E-004
   0.616599789181461  18.4753895563435  2.161188435048702E-004  1.402371459006338E-003  0.000000000000000  5.346141648630564E-002 -6.29026739620715  1.91871302054228  0.990253759690468  7.599261002293884E-005  9.257532490766932E-004
   0.616627727385626  18.4767299073463  2.161188435048692E-004  1.164978236854116E-003  0.000000000000000  5.346141648630564E-002 -6.35247699242105  1.64463578582477  0.990253759690468  7.599261002293884E-005  9.257532490766932E-004
   0.616654238037877  18.4780002691793  2.161188435048677E-004  9.535623682224495E-004  0.000000000000000  5.346141648630564E-002 -6.41958588150246  1.38707100876993  0.990253759690468  7.599261002293884E-005  9.257532490766932E-004
   0.616679391498857  18.4792042471036  2.161188435048667E-004  7.663260685154795E-004  0.000000000000000  5.346141648630564E-002 -6.49277547309912  1.14704349079494  0.990253759690468  7.599261002293884E-005  9.257532490766932E-004
   0.616703254303637  18.4803452373768  2.161188435048663E-004  6.016537549422369E-004  0.000000000000000  5.346141648630564E-002 -6.57370112566097  0.925502636864176  0.990253759690468  7.599261002293884E-005  9.257532490766932E-004
   0.616725889067445  18.4814264237760  2.161188435048659E-004  4.581175509958390E-004  0.000000000000000  5.346141648630564E-002 -6.66478507800966  0.723361264600825  0.990253759690468  7.599261002293884E-005  9.257532490766932E-004
   0.616747353998696  18.4824507589175  2.161188435048649E-004  3.344928866017668E-004  0.000000000000000  5.346141648630564E-002 -6.76977762675874  0.541554106296983  0.990253759690468  7.599261002293884E-005  9.257532490766932E-004
   0.616767701598499  18.4834209068030  2.161188435048638E-004  2.297929858290454E-004  0.000000000000000  5.346141648630564E-002 -6.89494851666622  0.381132589061792  0.990253759690468  7.599261002293884E-005  9.257532490766932E-004
   0.616786974774535  18.4843390632920  2.161188435048639E-004  1.433434761799267E-004  0.000000000000000  5.346141648630564E-002 -7.05200931157880  0.243436222528970  0.990253759690468  7.599261002293884E-005  9.257532490766932E-004
   0.616805191428077  18.4852062466711  2.161188435048624E-004  7.495873739129842E-005  0.000000000000000  5.346141648630564E-002 -7.26706062105900  0.130458461637877  0.990253759690468  7.599261002293884E-005  9.257532490766932E-004
   0.616822230950749  18.4860170881761  2.161188435048628E-004  2.546424697459775E-005  0.000000000000000  5.346141648630564E-002 -7.62146198353950  4.589307089125244E-002  0.990253759690468  7.599261002293884E-005  9.257532490766932E-004
