  -22.4747182535992  8.51409413902272  4.951103282781744E-005  4.97275000000004  0.750509368864924  5.298733616726991E-002  2.74007227328174  1055.17579752336  0.249389017365064  1.103024060487563E-005  9.259628323042968E-006
  -21.1675307512461  8.60701534012776  4.951103282781744E-005  4.97274912576025  0.750509368864924  5.298733616726991E-002  2.73943652144298  1055.17579752336  0.249389017365064  1.103024060487563E-005  9.259628323042968E-006
  -19.5595565725069  8.73586389021478  4.951103282781288E-005  4.97274864062227  0.750509368864924  5.298733616726991E-002  2.73914909920542  1055.17579752337  0.249389017365064  1.103024060526949E-005  9.259628356265663E-006
  -18.0119802861840  8.87909561881948  4.951103282628943E-005  4.97274831080037  0.750509368864923  5.298733616726991E-002  2.73895198200474  1055.17579752337  0.249389017365064  1.103024060605512E-005  9.259628362701134E-006
  -16.6901630749628  9.02002845181303  4.951103282287122E-005  4.97274772788939  0.750509368864923  5.298733616726991E-002  2.73859095615737  1055.17579752337  0.249389017365064  1.103024060671161E-005  9.259628346393054E-006
  -15.6256013669841  9.14778052598346  4.951103281142918E-005  4.97274641452958  0.750509368864920  5.298733616726991E-002  2.73781826070377  1055.17579752336  0.249389017365066  1.103024060907935E-005  9.259628293824925E-006
  -14.7834819585711  9.25739478636658  4.951103278260614E-005  4.97274361414068  0.750509368864905  5.298733616726991E-002  2.73641373025029  1055.17579752336  0.249389017365076  1.103024061504096E-005  9.259628160941126E-006
  -14.0872173438110  9.35181310996458  4.951103273556424E-005  4.97273803853178  0.750509368864863  5.298733616726991E-002  2.73427911913353  1055.17579752336  0.249389017365110  1.103024062480030E-005  9.259627942991507E-006
  -13.4722767455279  9.43742407908054  4.951103267912100E-005  4.97272735244877  0.750509368864769  5.298733616726991E-002  2.73143081187425  1055.17579752335  0.249389017365194  1.103024063658526E-005  9.259627679246645E-006
  -12.9061832545733  9.51948368528427  4.951103262219787E-005  4.97270725696421  0.750509368864590  5.298733616726991E-002  2.72792244284648  1055.17579752336  0.249389017365365  1.103024064861672E-005  9.259627408884812E-006
  -12.3778547049376  9.60166879305525  4.951103257063643E-005  4.97267006520856  0.750509368864276  5.298733616726991E-002  2.72380496523609  1055.17579752335  0.249389017365672  1.103024065977499E-005  9.259627156067820E-006
  -11.8878293953987  9.68685916765585  4.951103252793264E-005  4.97260263734320  0.750509368863762  5.298733616726991E-002  2.71911954848423  1055.17579752337  0.249389017366182  1.103024066945106E-005  9.259626933197728E-006
  -11.4438252777979  9.77778781590876  4.951103249624670E-005  4.97248384749038  0.750509368862973  5.298733616726991E-002  2.71390226203721  1055.17579752347  0.249389017366971  1.103024067733249E-005  9.259626745750525E-006
  -11.0574313398217  9.87726344501870  4.951103247665457E-005  4.97228195602347  0.750509368861838  5.298733616726991E-002  2.70818273387794  1055.17579752374  0.249389017368113  1.103024068331720E-005  9.259626594493142E-006
  -10.7337905380624  9.98716598812900  4.951103247671537E-005  4.97194847549994  0.750509368861842  5.298733616726991E-002  2.70192815306763  1055.17579752444  0.249389017368115  1.103024068331581E-005  9.259626594445217E-006
  -10.4575608854495  10.1067304491781  4.951103247678313E-005  4.97139770318169  0.750509368861843  5.298733616726991E-002  2.69494001563230  1055.17579752641  0.249389017368115  1.103024068331453E-005  9.259626594428534E-006
  -10.2174919830238  10.2358090094426  4.951103247685070E-005  4.97049240761576  0.750509368861844  5.298733616726991E-002  2.68700351131682  1055.17579753158  0.249389017368116  1.103024068331255E-005  9.259626594414430E-006
  -10.0400690056167  10.3797840866038  4.951103247698133E-005  4.96906810947361  0.750509368861845  5.298733616726991E-002  2.67813024255183  1055.17579754284  0.249389017368116  1.103024068331118E-005  9.259626594405560E-006
  -9.94530849296146  10.5439504039575  4.951103247686800E-005  4.96689132882662  0.750509368861845  5.298733616726991E-002  2.66818491218057  1055.17579756864  0.249389017368116  1.103024068331217E-005  9.259626594406255E-006
  -9.90425472090869  10.7262682694591  4.951103247684702E-005  4.96346620188463  0.750509368861844  5.298733616726991E-002  2.65640521903051  1055.17579764032  0.249389017368115  1.103024068330657E-005  9.259626594414270E-006
  -9.85750143897452  10.9176162552353  4.951103247686147E-005  4.95769545244131  0.750509368861843  5.298733616726991E-002  2.64143504939332  1055.17579787528  0.249389017368115  1.103024068331156E-005  9.259626594430845E-006
  -9.74757534634376  11.1057965143293  4.951103247679380E-005  4.94743004781830  0.750509368861843  5.298733616726991E-002  2.62178526604305  1055.17579867425  0.249389017368115  1.103024068333152E-005  9.259626594447507E-006
  -9.60121591264734  11.2927604996196  4.951103247692107E-005  4.92979040524348  0.750509368861844  5.298733616726991E-002  2.59716549480720  1055.17580076111  0.249389017368115  1.103024068334044E-005  9.259626594459839E-006
  -9.50258999112450  11.4934899884077  4.951103247689200E-005  4.90151827442499  0.750509368861844  5.298733616726991E-002  2.56805958515962  1055.17580553733  0.249389017368115  1.103024068334751E-005  9.259626594469083E-006
  -9.46530507201054  11.7087976016825  4.951103247614653E-005  4.85814033219248  0.750509368861844  5.298733616726991E-002  2.53394432007423  1055.17581635970  0.249389017368115  1.103024068334997E-005  9.259626594475719E-006
  -9.45563448215135  11.9260699355776  4.951103247578057E-005  4.79437599515374  0.750509368861845  5.298733616726991E-002  2.49402351771223  1055.17583787022  0.249389017368115  1.103024068334611E-005  9.259626594483944E-006
  -9.45378076700203  12.1343137116068  4.951103247587250E-005  4.70640962623751  0.750509368861848  5.298733616726991E-002  2.44851178799227  1055.17587325206  0.249389017368116  1.103024068333816E-005  9.259626594493174E-006
  -9.45379866396152  12.3272803454905  4.951103247612077E-005  4.59356228347523  0.750509368861853  5.298733616726991E-002  2.39846612129166  1055.17592177960  0.249389017368118  1.103024068333353E-005  9.259626594505660E-006
  -9.45392023252127  12.5024005898327  4.951103247621946E-005  4.45833582447128  0.750509368861855  5.298733616726991E-002  2.34517579176539  1055.17597913261  0.249389017368121  1.103024068333315E-005  9.259626594530472E-006
  -9.45359383923837  12.6597508389263  4.951103247586614E-005  4.30525743372303  0.750509368861846  5.298733616726991E-002  2.28974541075493  1055.17604005290  0.249389017368134  1.103024068334383E-005  9.259626594603237E-006
  -9.45270214844036  12.8009059512383  4.951103247449899E-005  4.13948375079404  0.750509368861798  5.298733616726991E-002  2.23293814716474  1055.17610046137  0.249389017368185  1.103024068337896E-005  9.259626594803734E-006
  -9.45128055096294  12.9280132341200  4.951103247111012E-005  3.96584481613607  0.750509368861635  5.298733616726991E-002  2.17519261696354  1055.17615795976  0.249389017368347  1.103024068345498E-005  9.259626595265905E-006
  -9.44940181687846  13.0432543445214  4.951103246415935E-005  3.78841883363263  0.750509368861194  5.298733616726991E-002  2.11670180672016  1055.17621143113  0.249389017368784  1.103024068358138E-005  9.259626596190660E-006
  -9.44713371073091  13.1486106088014  4.951103245135609E-005  3.61045146747344  0.750509368860127  5.298733616726991E-002  2.05749003418612  1055.17626049532  0.249389017369841  1.103024068373794E-005  9.259626597870334E-006
  -9.44452621601456  13.2457974380705  4.951103242915382E-005  3.43443436242599  0.750509368857699  5.298733616726991E-002  1.99746831832655  1055.17630510563  0.249389017372251  1.103024068383955E-005  9.259626600751698E-006
  -9.44161040819142  13.3362753529876  4.951103239166759E-005  3.26223379471234  0.750509368852264  5.298733616726991E-002  1.93646860395270  1055.17634530582  0.249389017377654  1.103024068363399E-005  9.259626605586057E-006
  -9.43840098549637  13.4212888184401  4.951103232782267E-005  3.09521993992008  0.750509368839757  5.298733616726991E-002  1.87426225361086  1055.17638109631  0.249389017390106  1.103024068237692E-005  9.259626613794035E-006
  -9.43489804384249  13.5019106634704  4.951103221229602E-005  2.93437919273762  0.750509368808431  5.298733616726991E-002  1.81056773292576  1055.17641236086  0.249389017421333  1.103024067764527E-005  9.259626628493473E-006
  -9.43108767015216  13.5790841249154  4.951103197077999E-005  2.78040618340876  0.750509368714017  5.298733616726991E-002  1.74505081860537  1055.17643882267  0.249389017515542  1.103024065949455E-005  9.259626658412383E-006
  -9.42273248279261  13.6520327115099  4.951103127443757E-005  2.63371031735993  0.750509368287136  5.298733616726991E-002  1.67735206958725  1055.17646170086  0.249389017941856  1.103024056294383E-005  9.259626740073770E-006
  -9.40171622746073  13.7184224119242  4.951102691799171E-005  2.49445898900880  0.750509363192384  5.298733616726991E-002  1.60720759386259  1055.17648169264  0.249389023033439  1.103023926542606E-005  9.259627181617226E-006
  -9.36771353771819  13.7789521573319  4.928562713882590E-005  2.36273218790406  0.749340001207492  5.298733616726991E-002  1.53451798540872  1055.17649742747  0.250558358533000  1.070345820754320E-005  9.259572087713506E-006
  -9.32599209671545  13.8364461397761  4.849348572637910E-005  2.23852946257045  0.745310711047810  5.298733616726991E-002  1.45921694591506  1055.17650904688  0.254587566419694  9.614184768265769E-006  9.259569491893009E-006
  -9.27848477595437  13.8924862995185  4.649325876886854E-005  2.12171438976259  0.735219640042318  5.298733616726991E-002  1.38125190073457  1055.17651703428  0.264678460871886  7.050947658459210E-006  9.259569172556352E-006
  -9.22676895531545  13.9480649947598  4.381491237504628E-005  2.01208115432903  0.721972203644410  5.298733616726991E-002  1.30054602345008  1055.17652084906  0.277925766814013  4.255243231057191E-006  9.259569397096758E-006
  -9.17174237212403  14.0038474334945  4.107483417179761E-005  1.90942489589821  0.708691892028163  5.298733616726991E-002  1.21685474979861  1055.17651945599  0.291206089680595  2.264459024615162E-006  9.259569627074722E-006
  -9.11348964588069  14.0603555102810  3.843789610768083E-005  1.81355352436406  0.695996063679119  5.298733616726991E-002  1.12980452586808  1055.17651197429  0.303902064934476  1.166076213714233E-006  9.259569708800434E-006
  -9.05155406708985  14.1180349218229  3.583480441642660E-005  1.72427577289599  0.683246740428542  5.298733616726991E-002  1.03898656274825  1055.17649780051  0.316651627046713  6.455329187886133E-007  9.259569669198260E-006
  -8.98533525516735  14.1773364724287  3.319010914057274E-005  1.64139489674399  0.669785465649620  5.298733616726991E-002  0.944008115194386  1055.17647649973  0.330113194610974  4.176925177384860E-007  9.259569563896564E-006
  -8.91428028891458  14.2387593921808  3.048569799465477E-005  1.56470812612104  0.655274448143527  5.298733616726991E-002  0.844507145672914  1055.17644785943  0.344624534293366  3.216031447456908E-007  9.259569430016505E-006
  -8.83781165800585  14.3028145227411  2.774775348157545E-005  1.49400611367799  0.639636282779725  5.298733616726991E-002  0.740160481601068  1055.17641194899  0.360263035616331  2.832013275686937E-007  9.259569287054275E-006
  -8.75538744423439  14.3700373775982  2.502358287465442E-005  1.42907126264473  0.622944591914792  5.298733616726991E-002  0.630699535950945  1055.17636920763  0.376955065078000  2.710966814298583E-007  9.259569145327424E-006
  -8.66622202279632  14.4408606515503  2.236601239126708E-005  1.36967254557850  0.605354987746303  5.298733616726991E-002  0.515936958933480  1055.17632061192  0.394545001623535  2.717811420685203E-007  9.259569011196678E-006
  -8.56911169664174  14.5155158355473  1.982462441012490E-005  1.31555781850627  0.587067427503917  5.298733616726991E-002  0.395810322304548  1055.17626768329  0.412832880767637  2.789215938718834E-007  9.259568889175611E-006
  -8.46291248716908  14.5941715577416  1.744094906709538E-005  1.26644732430259  0.568303534095267  5.298733616726991E-002  0.270427797304003  1055.17621236305  0.431597073861169  2.892227813479516E-007  9.259568782557682E-006
  -8.34648959669605  14.6768562692048  1.524604889031882E-005  1.22202841382122  0.549288820992186  5.298733616726991E-002  0.140101498358522  1055.17615690418  0.450612063243479  3.008454386785204E-007  9.259568693561146E-006
  -8.21906313482259  14.7635268992211  1.325977994307059E-005  1.18195535253247  0.530238551226931  5.298733616726991E-002  5.367805544677402E-003  1055.17610345016  0.469662583227315  3.127398271541618E-007  9.259568623397721E-006
  -8.08072765850083  14.8542008608675  1.149140625382730E-005  1.14585711043183  0.511348210866278  5.298733616726991E-002 -0.133022586184550  1055.17605374626  0.488553146493372  3.243201984932400E-007  9.259568572391286E-006
  -7.93232588066933  14.9488422081586  9.941139264111053E-006  1.11335204678902  0.492789123717366  5.298733616726991E-002 -0.274135066596316  1055.17600886455  0.507112429161480  3.352838009422472E-007  9.259568540150989E-006
  -7.77549376422379  15.0473172212526  8.602112514783629E-006  1.08406810492619  0.474709486149649  5.298733616726991E-002 -0.416876825564925  1055.17596912001  0.525192235703611  3.455034604027765E-007  9.259568525758512E-006
  -7.61235373274249  15.1492116412475  7.462330575172536E-006  1.05766429829251  0.457238838113701  5.298733616726991E-002 -0.560001206870667  1055.17593414610  0.542663027670540  3.549637723942590E-007  9.259568527930957E-006
  -7.44521837690176  15.2536517062837  6.506292873291724E-006  1.03384871783627  0.440493216496270  5.298733616726991E-002 -0.702079555776651  1055.17590310084  0.559408770127519  3.637246223924639E-007  9.259568545137002E-006
  -7.27640850162892  15.3591990445257  5.716155964759181E-006  1.01238783062606  0.424577049787912  5.298733616726991E-002 -0.841469557516680  1055.17587493031  0.575325036837945  3.719017001969118E-007  9.259568575669036E-006
  -7.10857650089739  15.4640509278607  5.072543558303869E-006  0.993102351718684  0.409579207105609  5.298733616726991E-002 -0.976356887452143  1055.17584859673  0.590322961137456  3.796557235966418E-007  9.259568617697512E-006
  -6.94475048376371  15.5663522757114  4.555231650744902E-006  0.975846621396178  0.395562883397125  5.298733616726991E-002 -1.10494811931000  1055.17582321045  0.604339350642310  3.871838186928362E-007  9.259568669344738E-006
  -6.78761507554043  15.6644437738357  4.143901656388835E-006  0.960475771082306  0.382552930785539  5.298733616726991E-002 -1.22579128298258  1055.17579780668  0.617349355808697  3.947087998689828E-007  9.259568728797786E-006
  -6.63911442617391  15.7572478969729  3.819157223100222E-006  0.946817109639822  0.370528833690434  5.298733616726991E-002 -1.33808082141687  1055.17577068164  0.629373494682105  4.024656686936020E-007  9.259568794455260E-006
  -6.50004362074585  15.8443564380755  3.563513002192648E-006  0.934662725399036  0.359428160375836  5.298733616726991E-002 -1.44177238564054  1055.17573868598  0.640474201223619  4.106885187770672E-007  9.259568865047267E-006
  -6.36982901590991  15.9258056638153  3.362053617102672E-006  0.923784427497865  0.349158918430322  5.298733616726991E-002 -1.53744774538480  1055.17569669891  0.650743469746303  4.196012011977735E-007  9.259568939686137E-006
  -6.24746209060205  16.0020818681458  3.202616752698087E-006  0.913957674463948  0.339614587255566  5.298733616726991E-002 -1.62605127439339  1055.17563703962  0.660287822402941  4.294125687289605E-007  9.259569017845806E-006
  -6.13193404712203  16.0739352932582  3.075587165160453E-006  0.904980535564894  0.330686456417076  5.298733616726991E-002 -1.70864891154449  1055.17554897710  0.669215970861140  4.403146008832802E-007  9.259569099299327E-006
  -6.02211875014753  16.1420939722113  2.973489634699362E-006  0.896682393117295  0.322271178227247  5.298733616726991E-002 -1.78626609002287  1055.17541771034  0.677631263771084  4.524814251193146E-007  9.259569184047837E-006
  -5.91708963100060  16.2072618932244  2.890540433569095E-006  0.888924543592034  0.314274127711072  5.298733616726991E-002 -1.85980751438821  1055.17522190350  0.685628326855767  4.660679904237752E-007  9.259569272260128E-006
  -5.81595138977586  16.2700068227510  2.822243565297753E-006  0.881596565687800  0.306610026943260  5.298733616726991E-002 -1.93003394602637  1055.17492996113  0.693292438624028  4.812079833875683E-007  9.259569364227927E-006
  -5.71780009336540  16.3307409663654  2.765060536327440E-006  0.874611272719868  0.299202046890267  5.298733616726991E-002 -1.99756510769239  1055.17449489491  0.700700428569397  4.980113270008395E-007  9.259569460336305E-006
  -5.62208249181674  16.3898745020839  2.716152925121485E-006  0.867899882666693  0.291980204292587  5.298733616726991E-002 -2.06289845388269  1055.17384484828  0.707922280319544  5.165619262550136E-007  9.259569561045089E-006
  -5.52842466751095  16.4477688276682  2.673178611351523E-006  0.861407972959636  0.284879325629072  5.298733616726991E-002 -2.12643300585049  1055.17286857759  0.715023167697140  5.369141106586130E-007  9.259569666872007E-006
  -5.43639716182628  16.5046662533777  2.634153255864457E-006  0.855092201936353  0.277837187980415  5.298733616726991E-002 -2.18848702347915  1055.17139306014  0.722065313873565  5.590950855600779E-007  9.259569778392521E-006
  -5.34561662968426  16.5607483375745  2.597332586264990E-006  0.848917711587040  0.270792018047412  5.298733616726991E-002 -2.24931179337771  1055.16915455702  0.729110492365934  5.831062979360800E-007  9.259569896235607E-006
  -5.25576337825704  16.6161583431595  2.561129669623663E-006  0.842856113818774  0.263679711033766  5.298733616726991E-002 -2.30910432790275  1055.16576955532  0.736222808165317  6.089279558442653E-007  9.259570021084754E-006
  -5.16657396120205  16.6710113269683  2.524060445871742E-006  0.836883935543122  0.256430535046841  5.298733616726991E-002 -2.36801773371210  1055.16071120488  0.743471993343774  6.365251087784118E-007  9.259570153680231E-006
  -5.07787023714843  16.7254161121650  2.484720372213045E-006  0.830981419380225  0.248965267168354  5.298733616726991E-002 -2.42616966396942  1055.15330396410  0.750937270987748  6.658544690844302E-007  9.259570294821406E-006
  -4.98948714632688  16.7794561930263  2.441794472834094E-006  0.825131577267840  0.241190636663634  5.298733616726991E-002 -2.48364853281224  1055.14266783399  0.758711911988507  6.968708706841879E-007  9.259570445369736E-006
  -4.90127760983188  16.8331992730053  2.394106770089133E-006  0.819319416878887  0.232994370572061  5.298733616726991E-002 -2.54051752593658  1055.12752650203  0.766908189446181  7.295302997804280E-007  9.259570606243633E-006
  -4.81312948175187  16.8867103133426  2.340707034634642E-006  0.813531293451484  0.224239960462725  5.298733616726991E-002 -2.59681763986129  1055.10573124245  0.775662611903087  7.637895542569588E-007  9.259570778411758E-006
  -4.72482967447781  16.9400043683113  2.280992677315012E-006  0.807754315000627  0.214762402140702  5.298733616726991E-002 -2.65256854601991  1055.07297422832  0.785140183621138  7.995997645413671E-007  9.259570962872987E-006
  -4.63609223033445  16.9930622094143  2.214847163546279E-006  0.801975753278989  0.204366656661322  5.298733616726991E-002 -2.70776765849291  1055.01934155160  0.795535943548122  8.368942851111093E-007  9.259571160626216E-006
  -4.54672334984063  17.0458974694921  2.142761364023237E-006  0.796182486214281  0.192831524718819  5.298733616726991E-002 -2.76239081676232  1054.92076006833  0.807071090911603  8.755713925194089E-007  9.259571372635817E-006
  -4.45654199726055  17.0985266293919  2.065896137913881E-006  0.790360473050400  0.179923512215982  5.298733616726991E-002 -2.81639389556803  1054.71735260087  0.819979119636776  9.154715520454854E-007  9.259571599796839E-006
  -4.36528068517550  17.1509285080370  1.986037701825444E-006  0.784494227963241  0.165425617923849  5.298733616726991E-002 -2.86971333133186  1054.26251927320  0.834477030688101  9.563505068492592E-007  9.259571842923190E-006
  -4.27269919501851  17.2030812338181  1.905435929244665E-006  0.778566328247795  0.149188787107039  5.298733616726991E-002 -2.92226857798436  1053.20794967065  0.850713878459541  9.978467651520958E-007  9.259572102744739E-006
  -4.17859681764119  17.2549521943555  1.826547596687972E-006  0.772557041756075  0.131208674147337  5.298733616726991E-002 -2.97396892086767  1050.76059586207  0.868694008176418  1.039448746027138E-006  9.259572379922107E-006
  -4.08265767822093  17.3064143930581  1.751758226118712E-006  0.766444138022661  0.111721728353796  5.298733616726991E-002 -3.02472330830712  1045.22494561357  0.888180970116384  1.080472241058012E-006  9.259572675070276E-006
  -3.98451321219544  17.3572391039410  1.683154990376925E-006  0.760203000804479  9.130050305816814E-002  5.298733616726991E-002 -3.07445444376851  1033.26106343435  0.908602210544715  1.120066462106503E-006  9.259572988726923E-006
  -3.88389545031268  17.4071255694906  1.622391244995898E-006  0.753807220647952  7.089237134195975E-002  5.298733616726991E-002 -3.12311875957519  1008.96916885387  0.929010356011143  1.157264568738948E-006  9.259573321308023E-006
  -3.78025914530230  17.4555468765140  1.570594052578449E-006  0.747229661102621  5.173616174325866E-002  5.298733616726991E-002 -3.17072358438663  963.612033972077  0.948166577674096  1.191084314350980E-006  9.259573673000801E-006
  -3.67225409526989  17.5015861525756  1.528255800688847E-006  0.740443674539514  3.511571873906093E-002  5.298733616726991E-002 -3.21732795931324  887.266988326069  0.964787030850656  1.220668774858613E-006  9.259574043583605E-006
  -3.55766642340188  17.5440137250127  1.495117479098928E-006  0.733423962514299  2.198291663386845E-002  5.298733616726991E-002 -3.26302215200937  773.969347282776  0.977919841178934  1.245472220621672E-006  9.259574432137773E-006
  -3.43371048930972  17.5815147867100  1.470252916742121E-006  0.726146579163673  1.263827957345474E-002  5.298733616726991E-002 -3.30789051160500  628.684682738675  0.987264484619801  1.265443429010972E-006  9.259574836803154E-006
  -3.29776487589550  17.6130279592651  1.452380498673353E-006  0.718587886880397  6.675428539470682E-003  5.298733616726991E-002 -3.35197262950731  469.652081189986  0.993227340445343  1.281145086364434E-006  9.259575254489375E-006
  -3.14838376812042  17.6380866742622  1.440311661615199E-006  0.710722881930491  3.251769540746463E-003  5.298733616726991E-002 -3.39524503873751  321.346974901477  0.996651002971098  1.293634329209545E-006  9.259575680672313E-006
  -2.98593452547749  17.6569643089176  1.433278435095194E-006  0.702523727062893  1.469589719512399E-003  5.298733616726991E-002 -3.43763433654916  202.793433903683  0.998433185350276  1.304111931929342E-006  9.259576109186344E-006
  -2.81249245505234  17.6705583020379  1.430902840100845E-006  0.693959162847401  6.219633412010454E-004  5.298733616726991E-002 -3.47905048210361  120.332435018605  0.999280813530838  1.313577770459510E-006  9.259576531870721E-006
  -2.63112854458577  17.6800894733523  1.432801340244371E-006  0.684994933141078  2.496653392586473E-004  5.298733616726991E-002 -3.51941902416371  69.2196679741905  0.999653112717790  1.322577480605020E-006  9.259576938260217E-006
  -2.44508308782581  17.6867863025766  1.438290570002967E-006  0.675594938678749  9.647339369536079E-005  5.298733616726991E-002 -3.55869871781694  40.2452225536793  0.999806305293073  1.330971070756131E-006  9.259577315737410E-006
  -2.25722532487367  17.6916901341948  1.446504033167716E-006  0.665722740678560  3.639764676575020E-005  5.298733616726991E-002 -3.59688403338984  24.8261647251614  0.999866381071371  1.337849167475282E-006  9.259577650034146E-006
  -2.06986279821960  17.6955956702123  1.456686260690678E-006  0.655343152237700  1.351454893568848E-005  5.298733616726991E-002 -3.63399887060235  16.9521181285725  0.999889263490002  1.341969048303501E-006  9.259577925698922E-006
  -1.88478768858850  17.6990800815707  1.468344774126358E-006  0.644423804631951  4.948544501389448E-006  5.298733616726991E-002 -3.67008784461364  13.0414697924052  0.999897828041114  1.342575225230850E-006  9.259578126640230E-006
  -1.70340921429908  17.7025626938962  1.481216048264787E-006  0.632936665356951  1.780526444106275E-006  5.298733616726991E-002 -3.70520872292549  11.1428833126750  0.999900993885580  1.339786038128541E-006  9.259578237110739E-006
  -1.52687527898659  17.7063586529194  1.495166191035453E-006  0.620859504767777  6.273285970547794E-007  5.298733616726991E-002 -3.73942698927655  10.2418423218554  0.999902144328263  1.334323003682316E-006  9.259578243305638E-006
  -1.35615434741607  17.7107161904523  1.510103858944861E-006  0.608177289032253  2.155686584126548E-007  5.298733616726991E-002 -3.77281222420938  9.82426194821255  0.999902552904907  1.327023223566373E-006  9.259578135109450E-006
  -1.19207989598564  17.7158387506152  1.525930141368781E-006  0.594883448211981  7.206411404126276E-008  5.298733616726991E-002 -3.80543569945060  9.63558298962645  0.999902692920004  1.318524123718986E-006  9.259577907680915E-006
  -1.03536862286601  17.7218963133085  1.542513530577243E-006  0.580980945803942  2.343440838083954E-008  5.298733616726991E-002 -3.83736869213867  9.55250124002905  0.999902737836713  1.309198889580093E-006  9.259577562968706E-006
  -0.886622478031897  17.7290296114530  1.559678704304635E-006  0.566483066601314  7.398484203529430E-009  5.298733616726991E-002 -3.86868120577620  9.51684567346779  0.999902749992283  1.299228064385640E-006  9.259577110792437E-006
  -0.746323341454865  17.7373504601552  1.577202592901036E-006  0.551413845417982  2.262857774821130E-009  5.298733616726991E-002 -3.89944093426556  9.50197120973086  0.999902751126381  1.288697019216781E-006  9.259576568551349E-006
  -0.614824018216166  17.7469394633405  1.594806123821756E-006  0.535808078742985  6.683917484683668E-010  5.298733616726991E-002 -3.92971239570470  9.49597346282863  0.999902748647584  1.277671169014642E-006  9.259575960170231E-006
  -0.492338571533755  17.7578422647895  1.612142761181885E-006  0.519710891519322  1.889630244241683E-010  5.298733616726991E-002 -3.95955620386658  9.49366656950170  0.999902745042465  1.266235343242371E-006  9.259575314098509E-006
  -0.378933277637947  17.7700649642984  1.628788272515954E-006  0.503176867317769  4.927970535602168E-011  5.298733616726991E-002 -3.98902846346611  9.49286212240957  0.999902741160946  1.254506388425101E-006  9.259574660575995E-006
  -0.274524486787589  17.7835714913958  1.644239038686691E-006  0.486268787756595  1.026076591983569E-011  5.298733616726991E-002 -4.01818029868267  9.49266346572235  0.999902737330878  1.242630763846155E-006  9.259574028556633E-006
  -0.178889199061937  17.7982856460465  1.657925914815090E-006  0.469056060925193  0.000000000000000  5.298733616726991E-002 -4.04705755956535  9.49271325177121  0.999902733721905  1.230775602237940E-006  9.259573442832778E-006
  -9.168552317022618E-002  17.8140969847729  1.669250120060207E-006  0.451612941979323  0.000000000000000  5.298733616726991E-002 -4.07570074337475  9.49284685587724  0.999902730456450  1.219118326322521E-006  9.259572921884862E-006
  -1.247875098159276E-002  17.8308690531023  1.677637677580890E-006  0.434016658314030  0.000000000000000  5.298733616726991E-002 -4.10414512630132  9.49300113167458  0.999902727637369  1.207836129668729E-006  9.259572476812918E-006
   5.923162548918651E-002  17.8484481902964  1.682607780333722E-006  0.416345547341759  0.000000000000000  5.298733616726991E-002 -4.13242106721807  9.49317936484443  0.999902725348626  1.197095050892272E-006  9.259572111330890E-006
   0.123982434598212  17.8666736236837  1.683839097939705E-006  0.398677300888751  0.000000000000000  5.298733616726991E-002 -4.16055444433883  9.49338509033548  0.999902723648706  1.187038857612751E-006  9.259571822743977E-006
   0.182317877321231  17.8853876512918  1.681217704802010E-006  0.381087389748096  0.000000000000000  5.298733616726991E-002 -4.18856719609878  9.49362202915622  0.999902722564119  1.177778159233708E-006  9.259571603597259E-006
   0.234769444974574  17.9044424193712  1.674854320063269E-006  0.363647717363412  0.000000000000000  5.298733616726991E-002 -4.21647791242796  9.49389403189199  0.999902722084745  1.169375883232969E-006  9.259571443573540E-006
   0.281843734011085  17.9237036438219  1.665058771810103E-006  0.346425527805317  0.000000000000000  5.298733616726991E-002 -4.24430241227078  9.49420501551639  0.999902722154622  1.161801058006057E-006  9.259571331275637E-006
   0.324014854073068  17.9430526165316  1.652234331413208E-006  0.329482573515293  0.000000000000000  5.298733616726991E-002 -4.27205427195357  9.49455889432087  0.999902722625075  1.154723603598897E-006  9.259571255744669E-006
   0.361719829398976  17.9623871404379  1.636607884185193E-006  0.312874533242378  0.000000000000000  5.298733616726991E-002 -4.29974529336010  9.49495950626068  0.999902723069402  1.146791426045731E-006  9.259571207617206E-006
   0.395356205626572  17.9816217028352  1.617890569548873E-006  0.296650659903568  0.000000000000000  5.298733616726991E-002 -4.32738591162612  9.49541053660498  0.999902722435365  1.134503980229464E-006  9.259571179926942E-006
   0.425280480083371  18.0006874508549  1.596934143179401E-006  0.280853631420961  0.000000000000000  5.298733616726991E-002 -4.35498554946536  9.49591544198022  0.999902719948677  1.116977754104031E-006  9.259571167269410E-006
   0.451809191223115  18.0195311756583  1.585471661066161E-006  0.265519573959291  0.000000000000000  5.298733616726991E-002 -4.38255292278244  9.49647735128987  0.999902722063018  1.125775049306941E-006  9.259571158831854E-006
   0.475223701224265  18.0381128463364  1.607516782890584E-006  0.250678225837307  0.000000000000000  5.298733616726991E-002 -4.41009629088410  9.49709907790154  0.999902744458226  1.227380494798653E-006  9.259571136076469E-006
   0.495775771969957  18.0564029063706  1.612313651423159E-006  0.236353211584679  0.000000000000000  5.298733616726991E-002 -4.43762364820743  9.49778300336059  0.999902749075728  1.248201672630560E-006  9.259571132016507E-006
   0.513692606985570  18.0743798573470  1.612832877018450E-006  0.222562398306152  0.000000000000000  5.298733616726991E-002 -4.46514286624879  9.49853096639417  0.999902749568270  1.250410015617697E-006  9.259571131640463E-006
   0.529180866310156  18.0920283658137  1.612870494566744E-006  0.209318309838347  0.000000000000000  5.298733616726991E-002 -4.49266179759128  9.49934435903543  0.999902749603968  1.250569895703644E-006  9.259571131617179E-006
   0.542428712227889  18.1093382589825  1.612872481063059E-006  0.196628577754477  0.000000000000000  5.298733616726991E-002 -4.52018835629378  9.50022385074187  0.999902749605909  1.250578709310950E-006  9.259571131616134E-006
   0.553606475824757  18.1263041595890  1.612872908202152E-006  0.184496411723691  0.000000000000000  5.298733616726991E-002 -4.54773058921620  9.50116946545963  0.999902749605987  1.250579099456497E-006  9.259571131616111E-006
   0.562867499861876  18.1429250908028  1.612877540913247E-006  0.172921074837965  0.000000000000000  5.298733616726991E-002 -4.57529674518935  9.50218064888820  0.999902749605830  1.250579113590030E-006  9.259571131616111E-006
   0.570349337709010  18.1592039657716  1.612874550133137E-006  0.161898352382590  0.000000000000000  5.298733616726991E-002 -4.60289534281327  9.50325587765044  0.999902749610560  1.250579113984852E-006  9.259571131616113E-006
   0.576175177125197  18.1751470099470  1.612876236788614E-006  0.151421005144235  0.000000000000000  5.298733616726991E-002 -4.63053523700686  9.50434904828589  0.999902749605056  1.250579113992439E-006  9.259571131616113E-006
   0.580455268039055  18.1907632038210  1.612876235096455E-006  0.141479200665578  0.000000000000000  5.298733616726991E-002 -4.65822568511405  9.50544891179850  0.999902749605056  1.250579113992439E-006  9.259571131616113E-006
   0.583288508002868  18.2060636756045  1.612876234603416E-006  0.132060917824842  0.000000000000000  5.298733616726991E-002 -4.68597641327833  9.50658383649515  0.999902749605056  1.250579113992439E-006  9.259571131616113E-006
   0.584765065004796  18.2210606654278  1.612876234369758E-006  0.123152321726435  0.000000000000000  5.298733616726991E-002 -4.71379768021271  9.50773921756559  0.999902749605056  1.250579113992439E-006  9.259571131616113E-006
   0.585292901955429  18.2356287519008  1.612876234230034E-006  0.114738095335096  0.000000000000000  5.298733616726991E-002 -4.74169929801216  9.50888969155018  0.999902749605056  1.250579113992439E-006  9.259571131616113E-006
   0.585524381234810  18.2495361557758  1.612876234138041E-006  0.106801736025022  0.000000000000000  5.298733616726991E-002 -4.76968870833065  9.50999128724950  0.999902749605056  1.250579113992439E-006  9.259571131616113E-006
   0.585746296248288  18.2627041259434  1.612876234074343E-006  9.932584233988665E-002  0.000000000000000  5.298733616726991E-002 -4.79777108933047  9.51097128554717  0.999902749605056  1.250579113992439E-006  9.259571131616113E-006
   0.585958924260916  18.2751732968148  1.612876234028389E-006  9.229238042287571E-002  0.000000000000000  5.298733616726991E-002 -4.82595126889574  9.51171416375309  0.999902749605056  1.250579113992439E-006  9.259571131616113E-006
   0.586162547532781  18.2869819531917  1.612876233994134E-006  8.568291427587074E-002  0.000000000000000  5.298733616726991E-002 -4.85423461625360  9.51204749845528  0.999902749605056  1.250579113992439E-006  9.259571131616113E-006
   0.586357451373481  18.2981661720062  1.612876233968466E-006  7.947880333263154E-002  0.000000000000000  5.298733616726991E-002 -4.88262704579741  9.51173291457843  0.999902749605056  1.250579113992439E-006  9.259571131616113E-006
   0.586543922434574  18.3087599561752  1.612876233953141E-006  7.366137205500960E-002  0.000000000000000  5.298733616726991E-002 -4.91113502780022  9.51043257819625  0.999902749605056  1.250579113992439E-006  9.259571131616113E-006
   0.586722247227114  18.3187953607019  1.612876233936556E-006  6.821205416115108E-002  0.000000000000000  5.298733616726991E-002 -4.93976560589018  9.50767049869004  0.999902749605056  1.250579113992439E-006  9.259571131616113E-006
   0.586892710835637  18.3283026112404  1.612876233923614E-006  6.311251400265484E-002  0.000000000000000  5.298733616726991E-002 -4.96852642128016  9.50280747051140  0.999902749605056  1.250579113992439E-006  9.259571131616113E-006
   0.587055595803971  18.3373102154106  1.612876233912745E-006  5.834474748448304E-002  0.000000000000000  5.298733616726991E-002 -4.99742574386571  9.49511213312866  0.999902749605056  1.250579113992439E-006  9.259571131616113E-006
   0.587211181188236  18.3458450671755  1.612876233904353E-006  5.389116477793684E-002  0.000000000000000  5.298733616726991E-002 -5.02647251043155  9.48370922718455  0.999902749605056  1.250579113992439E-006  9.259571131616113E-006
   0.587359741757289  18.3539325446387  1.612876233896898E-006  4.973465692165602E-002  0.000000000000000  5.298733616726991E-002 -5.05567637033988  9.46748156118432  0.999902749605056  1.250579113992439E-006  9.259571131616113E-006
   0.587501547315662  18.3615966016061  1.612876233890972E-006  4.585864824485505E-002  0.000000000000000  5.298733616726991E-002 -5.08504773921766  9.44511224976399  0.999902749605056  1.250579113992439E-006  9.259571131616113E-006
   0.587636862131858  18.3688598532777  1.612876233886215E-006  4.224713638577002E-002  0.000000000000000  5.298733616726991E-002 -5.11459786132066  9.41509171974561  0.999902749605056  1.250579113992439E-006  9.259571131616113E-006
   0.587765944485034  18.3757436564231  1.612876233882240E-006  3.888472152010818E-002  0.000000000000000  5.298733616726991E-002 -5.14433888143005  9.37578814805118  0.999902749605056  1.250579113992439E-006  9.259571131616113E-006
   0.587889046295530  18.3822681843827  1.612876233880671E-006  3.575662626180073E-002  0.000000000000000  5.298733616726991E-002 -5.17428392734448  9.32578122985300  0.999902749605056  1.250579113992439E-006  9.259571131616113E-006
   0.588006412814860  18.3884524972317  1.612876233879926E-006  3.284870755330881E-002  0.000000000000000  5.298733616726991E-002 -5.20444720426938  9.26365003298015  0.999902749605056  1.250579113992439E-006  9.259571131616113E-006
   0.588118282424560  18.3943146074191  1.612876233879437E-006  3.014746172626011E-002  0.000000000000000  5.298733616726991E-002 -5.23484410268740  9.18774054231298  0.999902749605056  1.250579113992439E-006  9.259571131616113E-006
   0.588224886460623  18.3998715411905  1.612876233878636E-006  2.764002378598007E-002  0.000000000000000  5.298733616726991E-002 -5.26549132162958  9.09643691451059  0.999902749605056  1.250579113992439E-006  9.259571131616113E-006
   0.588326449108303  18.4051393960739  1.612876233877607E-006  2.531416185581292E-002  0.000000000000000  5.298733616726991E-002 -5.29640700967097  8.98821486377800  0.999902749605056  1.250579113992439E-006  9.259571131616113E-006
   0.588423187344058  18.4101333947008  1.612876233877203E-006  2.315826760900063E-002  0.000000000000000  5.298733616726991E-002 -5.32761092646387  8.86169510347885  0.999902749605056  1.250579113992439E-006  9.259571131616113E-006
   0.588515310917346  18.4148679352118  1.612876233875898E-006  2.116134341714041E-002  0.000000000000000  5.298733616726991E-002 -5.35912462822155  8.71569422776495  0.999902749605056  1.250579113992439E-006  9.259571131616113E-006
   0.588603022359646  18.4193566384834  1.612876233875109E-006  1.931298685451628E-002  0.000000000000000  5.298733616726991E-002 -5.39097168130295  8.54927059102413  0.999902749605056  1.250579113992439E-006  9.259571131616113E-006
   0.588686517029399  18.4236123923925  1.612876233873704E-006  1.760337311647266E-002  0.000000000000000  5.298733616726991E-002 -5.42317790896630  8.36234832865181  0.999902749605056  1.250579113992439E-006  9.259571131616113E-006
   0.588765983209054  18.4276473933253  1.612876233872543E-006  1.602323583697300E-002  0.000000000000000  5.298733616726991E-002 -5.45577167750484  8.15554271450398  0.999902749605056  1.250579113992439E-006  9.259571131616113E-006
   0.588841602165081  18.4314731851214  1.612876233871842E-006  1.456384672503899E-002  0.000000000000000  5.298733616726991E-002 -5.48878422942288  7.92933141018056  0.999902749605056  1.250579113992439E-006  9.259571131616113E-006
   0.588913548285905  18.4351006956223  1.612876233870942E-006  1.321699438133436E-002  0.000000000000000  5.298733616726991E-002 -5.52225007314404  7.68424803186237  0.999902749605056  1.250579113992439E-006  9.259571131616113E-006
   0.588981989204261  18.4385402709951  1.612876233870355E-006  1.197496260422737E-002  0.000000000000000  5.298733616726991E-002 -5.55620744108852  7.42112634478199  0.999902749605056  1.250579113992439E-006  9.259571131616113E-006
   0.589047085947813  18.4418017079783  1.612876233869640E-006  1.083050844869044E-002  0.000000000000000  5.298733616726991E-002 -5.59069883098432  7.14108375938869  0.999902749605056  1.250579113992439E-006  9.259571131616113E-006
   0.589108993081309  18.4448942841889  1.612876233868899E-006  9.776840260889518E-003  0.000000000000000  5.298733616726991E-002 -5.62577164921521  6.84549758967134  0.999902749605056  1.250579113992439E-006  9.259571131616113E-006
   0.589167858876322  18.4478267866231  1.612876233868510E-006  8.807595875807975E-003  0.000000000000000  5.298733616726991E-002 -5.66147898018282  6.53597539044427  0.999902749605056  1.250579113992439E-006  9.259571131616113E-006
   0.589223825482774  18.4506075384656  1.612876233868155E-006  7.916821134309813E-003  0.000000000000000  5.298733616726991E-002 -5.69788051252135  6.21432082183086  0.999902749605056  1.250579113992439E-006  9.259571131616113E-006
   0.589277029102332  18.4532444243231  1.612876233868369E-006  7.098948849302961E-003  0.000000000000000  5.298733616726991E-002 -5.73504366220197  5.88249653360179  0.999902749605056  1.250579113992439E-006  9.259571131616113E-006
   0.589327600164702  18.4557449139767  1.612876233868663E-006  6.348778327772893E-003  0.000000000000000  5.298733616726991E-002 -5.77304494503328  5.54258553082671  0.999902749605056  1.250579113992439E-006  9.259571131616113E-006
   0.589375663506170  18.4581160847561  1.612876233868437E-006  5.661455536166267E-003  0.000000000000000  5.298733616726991E-002 -5.81197166817395  5.19675238866017  0.999902749605056  1.250579113992439E-006  9.259571131616113E-006
   0.589421338546582  18.4603646426077  1.612876233868033E-006  5.032453980709788E-003  0.000000000000000  5.298733616726991E-002 -5.85192403406563  4.84720554362651  0.999902749605056  1.250579113992439E-006  9.259571131616113E-006
   0.589464739490496  18.4624969419500  1.612876233868412E-006  4.457556361663051E-003  0.000000000000000  5.298733616726991E-002 -5.89301778375178  4.49616171708597  0.999902749605056  1.250579113992439E-006  9.259571131616113E-006
   0.589505975472266  18.4645190043734  1.612876233868796E-006  3.932837051250260E-003  0.000000000000000  5.298733616726991E-002 -5.93538755463221  4.14581333912218  0.999902749605056  1.250579113992439E-006  9.259571131616113E-006
   0.589545150773764  18.4664365362532  1.612876233868969E-006  3.454645439310298E-003  0.000000000000000  5.298733616726991E-002 -5.97919119778533  3.79829965145509  0.999902749605056  1.250579113992439E-006  9.259571131616113E-006
   0.589582364964082  18.4682549453324  1.612876233868474E-006  3.019590189017156E-003  0.000000000000000  5.298733616726991E-002 -6.02461540409428  3.45617767766258  0.999902749605056  1.250579113992439E-006  9.259571131616113E-006
   0.589617713090348  18.4699793563086  1.612876233868210E-006  2.624524448240903E-003  0.000000000000000  5.298733616726991E-002 -6.07188314631520  3.12193732953521  0.999902749605056  1.250579113992439E-006  9.259571131616113E-006
   0.589651285840008  18.4716146254591  1.612876233867596E-006  2.266532071776573E-003  0.000000000000000  5.298733616726991E-002 -6.12126368937882  2.79740403472834  0.999902749605056  1.250579113992439E-006  9.259571131616113E-006
   0.589683169695750  18.4731653543186  1.612876233867651E-006  1.942914928390070E-003  0.000000000000000  5.298733616726991E-002 -6.17308631190127  2.48417458194841  0.999902749605056  1.250579113992439E-006  9.259571131616113E-006
   0.589713447094042  18.4746359023806  1.612876233867724E-006  1.651181398915937E-003  0.000000000000000  5.298733616726991E-002 -6.22775952311858  2.18371056433511  0.999902749605056  1.250579113992439E-006  9.259571131616113E-006
   0.589742196560847  18.4760303987570  1.612876233867836E-006  1.389036225362156E-003  0.000000000000000  5.298733616726991E-002 -6.28579864787635  1.89734018365766  0.999902749605056  1.250579113992439E-006  9.259571131616113E-006
   0.589769492841971  18.4773527526401  1.612876233868037E-006  1.154371960292711E-003  0.000000000000000  5.298733616726991E-002 -6.34786657244119  1.62626492632824  0.999902749605056  1.250579113992439E-006  9.259571131616113E-006
   0.589795407003786  18.4786066622312  1.612876233868207E-006  9.452624171653214E-004  0.000000000000000  5.298733616726991E-002 -6.41483598683217  1.37157155075050  0.999902749605056  1.250579113992439E-006  9.259571131616113E-006
   0.589820006505004  18.4797956214796  1.612876233867868E-006  7.599587877664302E-004  0.000000000000000  5.298733616726991E-002 -6.48788835177771  1.13425033078503  0.999902749605056  1.250579113992439E-006  9.259571131616113E-006
   0.589843355181221  18.4809229232002  1.612876233866815E-006  5.968895804166721E-004  0.000000000000000  5.298733616726991E-002 -6.56867910461828  0.915221444891622  0.999902749605056  1.250579113992439E-006  9.259571131616113E-006
   0.589865513109350  18.4819916553620  1.612876233867087E-006  4.546664831657401E-004  0.000000000000000  5.298733616726991E-002 -6.65963061868602  0.715373237967295  0.999902749605056  1.250579113992439E-006  9.259571131616113E-006
   0.589886536161199  18.4830046824879  1.612876233866881E-006  3.321002567988970E-004  0.000000000000000  5.298733616726991E-002 -6.76449344677599  0.535619923009598  0.999902749605056  1.250579113992439E-006  9.259571131616113E-006
   0.589906474734243  18.4839645889943  1.612876233867157E-006  2.282354145588845E-004  0.000000000000000  5.298733616726991E-002 -6.88953789227005  0.376995159203341  0.999902749605056  1.250579113992439E-006  9.259571131616113E-006
   0.589925369953112  18.4848735027518  1.612876233867653E-006  1.424248326188855E-004  0.000000000000000  5.298733616726991E-002 -7.04647698744608  0.240821473812854  0.999902749605056  1.250579113992439E-006  9.259571131616113E-006
   0.589943238673195  18.4857323984779  1.612876233867556E-006  7.450563485414329E-005  0.000000000000000  5.298733616726991E-002 -7.26141656396723  0.129072222972745  0.999902749605056  1.250579113992439E-006  9.259571131616113E-006
   0.589959963113638  18.4865359821023  1.612876233867826E-006  2.531947237958955E-005  0.000000000000000  5.298733616726991E-002 -7.61575172657840  4.540700885144953E-002  0.999902749605056  1.250579113992439E-006  9.259571131616113E-006
