  -21.1306253880770  8.49761823002637  4.534917950626820E-004  4.97275000000000  0.725642384987736  5.260649336735026E-002  2.87095030525975  1283.46033074284  0.273344839536196  9.904950161977387E-005  9.259404802776826E-005
  -20.7488497289156  8.58915720110152  4.534917950626820E-004  4.97274865754800  0.725642384987736  5.260649336735026E-002  2.87025406957772  1283.46033074284  0.273344839536196  9.904950161977387E-005  9.259404802776826E-005
  -19.7146660931846  8.71589488955474  4.534917950613160E-004  4.97274789844409  0.725642384987735  5.260649336735026E-002  2.86993348599818  1283.46033074284  0.273344839536197  9.904950161977855E-005  9.259404805530714E-005
  -18.2546142696943  8.85776041244394  4.534917950607537E-004  4.97274741188395  0.725642384987735  5.260649336735026E-002  2.86972717516004  1283.46033074284  0.273344839536198  9.904950161974407E-005  9.259404808225165E-005
  -16.9210105333815  8.99881495160697  4.534917950596135E-004  4.97274661277894  0.725642384987734  5.260649336735026E-002  2.86937256768054  1283.46033074284  0.273344839536199  9.904950161972469E-005  9.259404810962824E-005
  -15.8298526034755  9.12807024070744  4.534917950557947E-004  4.97274482158569  0.725642384987727  5.260649336735026E-002  2.86860508615448  1283.46033074284  0.273344839536207  9.904950161964711E-005  9.259404820340977E-005
  -14.9666047049632  9.23961744055214  4.534917950455363E-004  4.97274097824914  0.725642384987694  5.260649336735026E-002  2.86717256112514  1283.46033074284  0.273344839536245  9.904950161942624E-005  9.259404845467669E-005
  -14.2602866942799  9.33534941139536  4.534917950275738E-004  4.97273330957879  0.725642384987579  5.260649336735026E-002  2.86494388825972  1283.46033074284  0.273344839536368  9.904950161899192E-005  9.259404889222333E-005
  -13.6429437339342  9.42147143690407  4.534917950047622E-004  4.97271866299937  0.725642384987291  5.260649336735026E-002  2.86192419859052  1283.46033074284  0.273344839536666  9.904950161832328E-005  9.259404944204480E-005
  -13.0781158028914  9.50345345905064  4.534917949804191E-004  4.97269129021487  0.725642384986709  5.260649336735026E-002  2.85817179717523  1283.46033074285  0.273344839537259  9.904950161738062E-005  9.259405001730624E-005
  -12.5525285825562  9.58514927941897  4.534917949565851E-004  4.97264099090132  0.725642384985666  5.260649336735026E-002  2.85374716735741  1283.46033074287  0.273344839538314  9.904950161606367E-005  9.259405056071374E-005
  -12.0657031118003  9.66953655147872  4.534917949341116E-004  4.97255048625688  0.725642384983944  5.260649336735026E-002  2.84870206681204  1283.46033074295  0.273344839540047  9.904950161420738E-005  9.259405104203283E-005
  -11.6249473460067  9.75939846933009  4.534917949131457E-004  4.97239231112980  0.725642384981296  5.260649336735026E-002  2.84308388417873  1283.46033074317  0.273344839542706  9.904950161160947E-005  9.259405144707879E-005
  -11.2416661080182  9.85755363604101  4.534917948934423E-004  4.97212575699639  0.725642384977506  5.260649336735026E-002  2.83693358218797  1283.46033074376  0.273344839546508  9.904950160808426E-005  9.259405177246599E-005
  -10.9201403594648  9.96575704259439  4.534917948934422E-004  4.97168887690542  0.725642384977504  5.260649336735026E-002  2.83021952626687  1283.46033074529  0.273344839546507  9.904950160808434E-005  9.259405177246666E-005
  -10.6419550360557  10.0827778689533  4.534917948934422E-004  4.97096975816292  0.725642384977504  5.260649336735026E-002  2.82271404541582  1283.46033074957  0.273344839546506  9.904950160808443E-005  9.259405177246689E-005
  -10.3919763295707  10.2077919052482  4.534917948934421E-004  4.96978514937953  0.725642384977503  5.260649336735026E-002  2.81416661950736  1283.46033076094  0.273344839546506  9.904950160808452E-005  9.259405177246709E-005
  -10.1976316279796  10.3460603411230  4.534917948934420E-004  4.96791956402516  0.725642384977503  5.260649336735026E-002  2.80462070713654  1283.46033078546  0.273344839546506  9.904950160808465E-005  9.259405177246723E-005
  -10.0878424410024  10.5039407978631  4.534917948934420E-004  4.96510092253885  0.725642384977503  5.260649336735026E-002  2.79405731366922  1283.46033083819  0.273344839546506  9.904950160808459E-005  9.259405177246725E-005
  -10.0408968105979  10.6804983162407  4.534917948934421E-004  4.96076657339766  0.725642384977503  5.260649336735026E-002  2.78179726345661  1283.46033097697  0.273344839546506  9.904950160808481E-005  9.259405177246718E-005
  -9.99928673881874  10.8671986677180  4.534917948934421E-004  4.95366763923149  0.725642384977504  5.260649336735026E-002  2.76650278627462  1283.46033140804  0.273344839546506  9.904950160808486E-005  9.259405177246697E-005
  -9.89734892586701  11.0504281281142  4.534917948934421E-004  4.94128281403941  0.725642384977504  5.260649336735026E-002  2.74656597392460  1283.46033286341  0.273344839546506  9.904950160808383E-005  9.259405177246675E-005
  -9.73988442499165  11.2272940254515  4.534917948934421E-004  4.92014755081469  0.725642384977504  5.260649336735026E-002  2.72153888226103  1283.46033668092  0.273344839546506  9.904950160808337E-005  9.259405177246661E-005
  -9.61264933535610  11.4120427132855  4.534917948934419E-004  4.88680755699232  0.725642384977504  5.260649336735026E-002  2.69227837816798  1283.46034478779  0.273344839546506  9.904950160808298E-005  9.259405177246649E-005
  -9.55374140809656  11.6107677627146  4.534917948934424E-004  4.83724180260279  0.725642384977504  5.260649336735026E-002  2.65893172503589  1283.46036151922  0.273344839546506  9.904950160808283E-005  9.259405177246640E-005
  -9.53563683051974  11.8134550384008  4.534917948934429E-004  4.76669439137508  0.725642384977504  5.260649336735026E-002  2.62090493860423  1283.46039309607  0.273344839546506  9.904950160808283E-005  9.259405177246633E-005
  -9.53096365586577  12.0083260781331  4.534917948934430E-004  4.67178799585838  0.725642384977503  5.260649336735026E-002  2.57826505079983  1283.46044308343  0.273344839546506  9.904950160808333E-005  9.259405177246627E-005
  -9.52990455632496  12.1888328576786  4.534917948934431E-004  4.55230554130669  0.725642384977502  5.260649336735026E-002  2.53190686098291  1283.46050984186  0.273344839546506  9.904950160808411E-005  9.259405177246633E-005
  -9.52959366418116  12.3524624758135  4.534917948934431E-004  4.41105609689916  0.725642384977500  5.260649336735026E-002  2.48296544384271  1283.46058761511  0.273344839546506  9.904950160808617E-005  9.259405177246684E-005
  -9.52918346585174  12.4992609589921  4.534917948934425E-004  4.25265352136838  0.725642384977496  5.260649336735026E-002  2.43241788005168  1283.46066988873  0.273344839546509  9.904950160809216E-005  9.259405177246874E-005
  -9.52843803447023  12.6306422068349  4.534917948934372E-004  4.08219401540999  0.725642384977483  5.260649336735026E-002  2.38094666381499  1283.46075176393  0.273344839546520  9.904950160810635E-005  9.259405177247395E-005
  -9.52733514205056  12.7485441775614  4.534917948934160E-004  3.90438945621130  0.725642384977451  5.260649336735026E-002  2.32895722232928  1283.46083043789  0.273344839546551  9.904950160813328E-005  9.259405177248501E-005
  -9.52591590303574  12.8549436057538  4.534917948933557E-004  3.72319315014456  0.725642384977379  5.260649336735026E-002  2.27664679068203  1283.46090468340  0.273344839546622  9.904950160817561E-005  9.259405177250505E-005
  -9.52423061438256  12.9516403318793  4.534917948932178E-004  3.54173805444649  0.725642384977235  5.260649336735026E-002  2.22407147505575  1283.46097418784  0.273344839546766  9.904950160823216E-005  9.259405177253743E-005
  -9.52232391667963  13.0401933911599  4.534917948929414E-004  3.36241828532081  0.725642384976970  5.260649336735026E-002  2.17119530458727  1283.46103907001  0.273344839547030  9.904950160829639E-005  9.259405177258584E-005
  -9.52023039155447  13.1219255175046  4.534917948924335E-004  3.18701482215398  0.725642384976515  5.260649336735026E-002  2.11792158310432  1283.46109959262  0.273344839547484  9.904950160835465E-005  9.259405177265466E-005
  -9.51797180525124  13.1979527196770  4.534917948915504E-004  3.01682038835520  0.725642384975760  5.260649336735026E-002  2.06411116888034  1283.46115600607  0.273344839548237  9.904950160838231E-005  9.259405177274942E-005
  -9.51555864857858  13.2692210892634  4.534917948900733E-004  2.85274756247544  0.725642384974545  5.260649336735026E-002  2.00959198011046  1283.46120846636  0.273344839549451  9.904950160833749E-005  9.259405177287704E-005
  -9.51299439287610  13.3365427812688  4.534917948876725E-004  2.69541697295291  0.725642384972627  5.260649336735026E-002  1.95416264177161  1283.46125699126  0.273344839551367  9.904950160815126E-005  9.259405177304609E-005
  -9.51027755478024  13.4006271532412  4.534917948838526E-004  2.54522730860751  0.725642384969649  5.260649336735026E-002  1.89759204356694  1283.46130143258  0.273344839554343  9.904950160771325E-005  9.259405177326709E-005
  -9.50740054444195  13.4621066701261  4.534917948778737E-004  2.40241035249329  0.725642384965078  5.260649336735026E-002  1.83961580620914  1283.46134145151  0.273344839558911  9.904950160684960E-005  9.259405177355269E-005
  -9.50434782718529  13.5215593184821  4.534917948686023E-004  2.26707429500916  0.725642384958105  5.260649336735026E-002  1.77993008353639  1283.46137648943  0.273344839565881  9.904950160528468E-005  9.259405177391917E-005
  -9.50109561656685  13.5795294487434  4.534917948542612E-004  2.13923812666767  0.725642384947467  5.260649336735026E-002  1.71818267757389  1283.46140573055  0.273344839576515  9.904950160257497E-005  9.259405177438811E-005
  -9.49761233841164  13.6365480095118  4.534917948320357E-004  2.01885937702263  0.725642384931171  5.260649336735026E-002  1.65396109526478  1283.46142805376  0.273344839592805  9.904950159799974E-005  9.259405177498756E-005
  -9.49385749904966  13.6931526602449  4.534917947973086E-004  1.90585702915548  0.725642384905964  5.260649336735026E-002  1.58677691890609  1283.46144197270  0.273344839618006  9.904950159035383E-005  9.259405177575584E-005
  -9.48977752383955  13.7499087286687  4.534917947420083E-004  1.80013111766297  0.725642384866167  5.260649336735026E-002  1.51604567208219  1283.46144556505  0.273344839657795  9.904950157750275E-005  9.259405177675047E-005
  -9.48529908242385  13.8074328637062  4.534917946510702E-004  1.70158026951600  0.725642384801211  5.260649336735026E-002  1.44106126113560  1283.46143639807  0.273344839722744  9.904950155541576E-005  9.259405177806293E-005
  -9.48032108689637  13.8664216424842  4.534917944940197E-004  1.61011820385670  0.725642384689758  5.260649336735026E-002  1.36096422418388  1283.46141147079  0.273344839834189  9.904950151584980E-005  9.259405177984778E-005
  -9.47470497991633  13.9276868078659  4.534917942005024E-004  1.52568986022647  0.725642384482631  5.260649336735026E-002  1.27470387337556  1283.46136722004  0.273344840041310  9.904950143960409E-005  9.259405178240455E-005
  -9.46826078223487  13.9921973290031  4.534917935695989E-004  1.44828716019218  0.725642384039606  5.260649336735026E-002  1.18099692598270  1283.46129968766  0.273344840484338  9.904950127143486E-005  9.259405178644851E-005
  -9.46072536287615  14.0611255117094  4.534917918157602E-004  1.37796298519643  0.725642382813302  5.260649336735026E-002  1.07829117463403  1283.46120502837  0.273344841710691  9.904950079364511E-005  9.259405179419881E-005
  -9.44590376574459  14.1336707170762  4.534917838335365E-004  1.31480060791574  0.725642377252632  5.260649336735026E-002  0.964845156042611  1283.46108329294  0.273344847271739  9.904949857872570E-005  9.259405181577959E-005
  -9.41413247438715  14.2080636663283  4.534916705577916E-004  1.25887934108528  0.725642298590350  5.260649336735026E-002  0.839065626787306  1283.46093702862  0.273344925941228  9.904946665785097E-005  9.259405195582517E-005
  -9.35059526373588  14.2856819161234  3.605849943151646E-004  1.20980719369173  0.661293421187232  5.260649336735026E-002  0.702648659789535  1283.46080224953  0.337700997495787  7.253414635025128E-005  9.259385138581450E-005
  -9.26333325485928  14.3688041261082  2.507537800836098E-004  1.16678488584302  0.582520797222499  5.260649336735026E-002  0.559418219073861  1283.46068054918  0.416482348875995  4.252462757427835E-005  9.259385144306172E-005
  -9.15759745304028  14.4579594327969  1.664514673717546E-004  1.12911794162297  0.517960997766631  5.260649336735026E-002  0.411307048187996  1283.46057123595  0.481049129151414  2.118247210577187E-005  9.259385147907460E-005
  -9.03547129881764  14.5525953268814  1.168199062055390E-004  1.09621639551461  0.474920521884289  5.260649336735026E-002  0.258884256391295  1283.46047423873  0.524093999262350  1.032410745831150E-005  9.259385149766192E-005
  -8.89491404447726  14.6515061095696  8.980449070474039E-005  1.06752595981777  0.446233430305711  5.260649336735026E-002  0.102515895036943  1283.46039149179  0.552783720132143  5.838379433847012E-006  9.259385150288489E-005
  -8.73349538653719  14.7534292770423  7.428830022769132E-005  1.04247674863194  0.424990735215875  5.260649336735026E-002 -5.686731829616276E-002  1283.46032405572  0.574028088781645  4.242739584229990E-006  9.259385150159465E-005
  -8.55148430549912  14.8577580922275  6.427366075423668E-005  1.02049573888189  0.407470931108285  5.260649336735026E-002 -0.217847764129100  1283.46027121248  0.591549063360822  3.754747134956349E-006  9.259385149767638E-005
  -8.35235734994603  14.9646221322361  5.708729635921182E-005  1.00104368295039  0.392041604304576  5.260649336735026E-002 -0.378862488408084  1283.46023085335  0.606979270176389  3.645196933433658E-006  9.259385149279158E-005
  -8.14152570252769  15.0743958690506  5.158992748127554E-005  0.983650832912010  0.378023953967439  5.260649336735026E-002 -0.538439120894897  1283.46020023330  0.620997608926277  3.652787074736317E-006  9.259385148756548E-005
  -7.92464335123940  15.1870396549681  4.725606092802559E-005  0.967940407186295  0.365116217232430  5.260649336735026E-002 -0.695218818111232  1283.46017657207  0.633905893868744  3.691759312307053E-006  9.259385148222737E-005
  -7.70677776107434  15.3017240905181  4.380066359997052E-005  0.953638392212283  0.353169415726410  5.260649336735026E-002 -0.847819733025892  1283.46015735919  0.645853134654509  3.736004553517740E-006  9.259385147687579E-005
  -7.49225400638639  15.4167222932542  4.104006682816135E-005  0.940570684923265  0.342108790547745  5.260649336735026E-002 -0.994680483977683  1283.46014051366  0.656914111916192  3.778158090418598E-006  9.259385147157666E-005
  -7.28507790465371  15.5297110718212  3.883881519131649E-005  0.928645804796172  0.331899378523379  5.260649336735026E-002 -1.13405609154406  1283.46012450950  0.667123805442281  3.816321837143896E-006  9.259385146639360E-005
  -7.08948165367173  15.6385091677776  3.708815879057907E-005  0.917820750809248  0.322519838448092  5.260649336735026E-002 -1.26429808323960  1283.46010841803  0.676503569961333  3.850074136120929E-006  9.259385146138822E-005
  -6.90851118484685  15.7413864624783  3.569626287701729E-005  0.908055686671348  0.313936782679791  5.260649336735026E-002 -1.38431746047694  1283.46009160356  0.685086804590424  3.879390155500542E-006  9.259385145660973E-005
  -6.74281943746943  15.8372587460138  3.458514740960164E-005  0.899277886682180  0.306090574463947  5.260649336735026E-002 -1.49390767107873  1283.46007295217  0.692933155848946  3.904375074549527E-006  9.259385145208331E-005
  -6.59134588629830  15.9259519973120  3.369051644008730E-005  0.891374079954378  0.298898356452801  5.260649336735026E-002 -1.59371749578337  1283.46005007920  0.700125489144201  3.925165540923474E-006  9.259385144781035E-005
  -6.45227330709869  16.0080457083854  3.296152411853346E-005  0.884207515938633  0.292267238739662  5.260649336735026E-002 -1.68494823884994  1283.46001876442  0.706756700753269  3.941851013258177E-006  9.259385144377461E-005
  -6.32369618146345  16.0845212213278  3.235917828613988E-005  0.877640826008307  0.286106210090111  5.260649336735026E-002 -1.76899787977371  1283.45997264911  0.712917806781808  3.954415132829698E-006  9.259385143995123E-005
  -6.20370636957808  16.1563743616362  3.185412938894979E-005  0.871551280354195  0.280333043413155  5.260649336735026E-002 -1.84720856451015  1283.45990256691  0.718691037962736  3.962698643546331E-006  9.259385143631301E-005
  -6.09069142722640  16.2245258850055  3.142433398733289E-005  0.865836591238769  0.274876088502215  5.260649336735026E-002 -1.92074556351018  1283.45979484721  0.724148047207095  3.966396426483271E-006  9.259385143283358E-005
  -5.98329532408878  16.2897432633978  3.105312178774984E-005  0.860414707097735  0.269673603709899  5.260649336735026E-002 -1.99056838402598  1283.45962856637  0.729350578180319  3.965114594660454E-006  9.259385142948808E-005
  -5.88026912638355  16.3525906148478  3.072775883153254E-005  0.855220989833867  0.264672361791543  5.260649336735026E-002 -2.05744358369306  1283.45937136795  0.734351859670801  3.958565568500129E-006  9.259385142625469E-005
  -5.78073390144841  16.4135634925379  3.043842801407542E-005  0.850204850365783  0.259826326674351  5.260649336735026E-002 -2.12197490375251  1283.45897196480  0.739197929029992  3.947058914554782E-006  9.259385142311389E-005
  -5.68405563429164  16.4730784313932  3.017749921957881E-005  0.845326719658426  0.255095525412058  5.260649336735026E-002 -2.18463732463255  1283.45834790050  0.743928760480243  3.932528929320256E-006  9.259385142004842E-005
  -5.58963052638867  16.5314252118048  2.993901586398522E-005  0.840555542574999  0.250445109945246  5.260649336735026E-002 -2.24580387518982  1283.45736663491  0.748579203713673  3.920304712709721E-006  9.259385141704401E-005
  -5.49687050992344  16.5887908664451  2.971831491884994E-005  0.835866771341914  0.245844396716550  5.260649336735026E-002 -2.30576558739216  1283.45582201606  0.753179944714480  3.921449834017100E-006  9.259385141408851E-005
  -5.40532615082446  16.6453305205979  2.951176419316726E-005  0.831240813711179  0.241265865520228  5.260649336735026E-002 -2.36474868165221  1283.45339582259  0.757758507238772  3.954543384091860E-006  9.259385141117239E-005
  -5.31477564698656  16.7012197573709  2.931657051647144E-005  0.826661883680681  0.236683988438739  5.260649336735026E-002 -2.42293051650530  1283.44958230351  0.762340423701877  4.044477334066108E-006  9.259385140828824E-005
  -5.22509383274750  16.7566182011118  2.913059535970551E-005  0.822117156056420  0.232073603041217  5.260649336735026E-002 -2.48045211903010  1283.44347791046  0.766950860951959  4.216151394072758E-006  9.259385140543049E-005
  -5.13606344662804  16.8116084218183  2.895188561837840E-005  0.817596098818358  0.227407180812908  5.260649336735026E-002 -2.53742502811013  1283.43313711880  0.771617350202312  4.484292383887537E-006  9.259385140259564E-005
  -5.04743390138428  16.8662286159494  2.877725570422784E-005  0.813089917115418  0.222649670819920  5.260649336735026E-002 -2.59393505669747  1283.41370263911  0.776374942346747  4.846271437033800E-006  9.259385139978134E-005
  -4.95904479815946  16.9205289316700  2.859835106183695E-005  0.808591102440000  0.217748120730652  5.260649336735026E-002 -2.65004647998581  1283.37208368070  0.781276587852048  5.284633316988426E-006  9.259385139698713E-005
  -4.87076008844845  16.9745550368701  2.839246281061147E-005  0.804093052996675  0.212609933444085  5.260649336735026E-002 -2.70580511309661  1283.27188696102  0.786414883067245  5.777835350315227E-006  9.259385139421292E-005
  -4.78244985327482  17.0283531929388  2.810554480630108E-005  0.799589702055388  0.207058670245706  5.260649336735026E-002 -2.76123809781119  1283.01199403050  0.791966270885845  6.310416965443665E-006  9.259385139146030E-005
  -4.69390824235097  17.0819578438345  2.763121767393018E-005  0.795075058561478  0.200747413383990  5.260649336735026E-002 -2.81634883716245  1282.31516934740  0.798277681304047  6.876062370132724E-006  9.259385138873087E-005
  -4.60464222853787  17.1353419372219  2.680909814146371E-005  0.790542482348843  0.193008125078687  5.260649336735026E-002 -2.87110262866939  1280.44218241203  0.806017171985324  7.473782417311232E-006  9.259385138602651E-005
  -4.51374289273348  17.1884148396748  2.548820451586791E-005  0.785983451694132  0.182640520027190  5.260649336735026E-002 -2.92539961171647  1275.49050638570  0.816385046787390  8.101668737353927E-006  9.259385138334808E-005
  -4.41956049237369  17.2409426248937  2.367285658170948E-005  0.781385553920191  0.167785809345998  5.260649336735026E-002 -2.97903500306955  1262.81998716512  0.831240092746796  8.751884168612207E-006  9.259385138069547E-005
  -4.31936747653720  17.2923954762559  2.162346188463320E-005  0.776729649760480  0.146307547351363  5.260649336735026E-002 -3.03166073125303  1232.22770620729  0.852718719871368  9.405678739237521E-006  9.259385137806547E-005
  -4.20958834727240  17.3418071738291  1.972717342866070E-005  0.771987018674312  0.117296339823646  5.260649336735026E-002 -3.08279811052464  1165.01878188329  0.881730268632502  1.003092654291370E-005  9.259385137545298E-005
  -4.08667665995789  17.3875982817456  1.825170193587109E-005  0.767118503504352  8.339181533690216E-002  5.260649336735026E-002 -3.13196592534761  1036.99161074433  0.915635069969005  1.058548277529649E-005  9.259385137285054E-005
  -3.94828622178106  17.4276531152844  1.725422388806280E-005  0.762077474991918  5.102682574578014E-002  5.260649336735026E-002 -3.17889706278097  836.900990145290  0.948000258613790  1.103176293095613E-005  9.259385137024942E-005
  -3.79363794262263  17.4599952795127  1.666281853646334E-005  0.756815463539388  2.649951524873448E-002  5.260649336735026E-002 -3.22366314503521  591.476955522620  0.972527696932760  1.135522125344616E-005  9.259385136763862E-005
  -3.62296618936041  17.4837488740150  1.637623631050040E-005  0.751286422881534  1.170562120347980E-002  5.260649336735026E-002 -3.26656415899384  360.085913812554  0.987321662733516  1.157090834294596E-005  9.259385136500207E-005
  -3.43773263448581  17.4995924169655  1.630639509635724E-005  0.745447119082861  4.451797866269915E-003  5.260649336735026E-002 -3.30790408647125  191.412580959653  0.994575518205252  1.171143273640256E-005  9.259385136231600E-005
  -3.24122754839137  17.5093834880052  1.638300853565548E-005  0.739255067121576  1.487485484567286E-003  5.260649336735026E-002 -3.34787085916761  93.6494748089499  0.997539836915624  1.180697131557961E-005  9.259385135954469E-005
  -3.03791012767655  17.5153279683941  1.654946222161775E-005  0.732666633819449  4.453316729806623E-004  5.260649336735026E-002 -3.38655593953999  46.6977464151863  0.998581980481610  1.187045410258733E-005  9.259385135663507E-005
  -2.83199059490572  17.5192734261262  1.676428772964393E-005  0.725636422638743  1.221272080588444E-004  5.260649336735026E-002 -3.42401593958150  27.1391227807812  0.998905162004244  1.189404566602392E-005  9.259385135351183E-005
  -2.62662746702120  17.5224741469003  1.700026706291482E-005  0.718117681473335  3.116740695258852E-005  5.260649336735026E-002 -3.46030973932122  19.7943808802382  0.998996087965421  1.186812775323763E-005  9.259385135007401E-005
  -2.42395574357933  17.5256919076163  1.724098275727782E-005  0.710063204377072  7.496368990901519E-006  5.260649336735026E-002 -3.49550705945339  17.2400013765070  0.999019717392153  1.179914533619707E-005  9.259385134619313E-005
  -2.22544025568684  17.5293855426066  1.747698112295351E-005  0.701426459175029  1.714569739160754E-006  5.260649336735026E-002 -3.52968538813530  16.4014479482803  0.999025453820497  1.170407821948054E-005  9.259385134171778E-005
  -2.03220232798987  17.5338614216921  1.770372561585498E-005  0.692162883633154  3.756893262269104E-007  5.260649336735026E-002 -3.56292567950217  16.1382041027364  0.999026746712295  1.159837589560390E-005  9.259385133648545E-005
  -1.84521983287590  17.5393620548435  1.792065331036028E-005  0.682231359703730  7.933523613219106E-008  5.260649336735026E-002 -3.59530976332697  16.0583993624587  0.999026998118574  1.149156631491816E-005  9.259385133034661E-005
  -1.66541646573015  17.5461072351896  1.813023382993993E-005  0.671595858065100  1.617256013593224E-008  5.260649336735026E-002 -3.62691919335924  16.0348771439370  0.999027017858655  1.138840754440963E-005  9.259385132320610E-005
  -1.49367741832868  17.5543052440713  1.833654987247959E-005  0.660227200890786  3.181776958855118E-009  5.260649336735026E-002 -3.65783471280199  16.0281250750277  0.999026988765010  1.129083690079462E-005  9.259385131507448E-005
  -1.33082019842099  17.5641460337064  1.854367259336926E-005  0.648104844970545  6.006879946687868E-010  5.260649336735026E-002 -3.68813574584186  16.0262455751088  0.999026950125508  1.119905929437016E-005  9.259385130613028E-005
  -1.17754291062990  17.5757849575487  1.875419304641270E-005  0.635218551526819  1.061200932046460E-010  5.260649336735026E-002 -3.71789963147277  16.0257498622723  0.999026909766748  1.111202259064962E-005  9.259385129678067E-005
  -1.03437147028809  17.5893251340752  1.896818064177885E-005  0.621569791971822  1.598644547797550E-011  5.260649336735026E-002 -3.74720056995963  16.0256404648442  0.999026869037414  1.102777569731877E-005  9.259385128770184E-005
  -0.901620564177382  17.6048040323153  1.918269068177082E-005  0.607172745535423  0.000000000000000  5.260649336735026E-002 -3.77610841866008  16.0256404093878  0.999026828239308  1.094395301563106E-005  9.259385127983718E-005
  -0.779368973620233  17.6221844313946  1.939176761895825E-005  0.592054773271427  0.000000000000000  5.260649336735026E-002 -3.80468750159548  16.0256686674282  0.999026787805701  1.085831508757731E-005  9.259385127433481E-005
  -0.667449044108482  17.6413498046831  1.958687882838530E-005  0.576256298631253  0.000000000000000  5.260649336735026E-002 -3.83299554478750  16.0257027286775  0.999026748539050  1.076920766916799E-005  9.259385127241817E-005
  -0.565463270719479  17.6621097277870  1.975774303652898E-005  0.559830084321820  0.000000000000000  5.260649336735026E-002 -3.86108286000465  16.0257441083852  0.999026711590769  1.067581479406011E-005  9.259385127520027E-005
  -0.472835110894656  17.6842186976151  1.989354785189619E-005  0.542839960083680  0.000000000000000  5.260649336735026E-002 -3.88899194814176  16.0257946453847  0.999026678319612  1.057817660366439E-005  9.259385128347146E-005
  -0.388880974512805  17.7074035092058  1.998448987766510E-005  0.525359110519164  0.000000000000000  5.260649336735026E-002 -3.91675763999062  16.0258565183954  0.999026650074216  1.047703154132504E-005  9.259385129750765E-005
  -0.312884395269433  17.7313916980354  2.002339058541819E-005  0.507468064092049  0.000000000000000  5.260649336735026E-002 -3.94440775608699  16.0259322481881  0.999026627952910  1.037358558604142E-005  9.259385131696144E-005
  -0.244157343727430  17.7559349563887  2.000708985472002E-005  0.489252531580772  0.000000000000000  5.260649336735026E-002 -3.97196415488476  16.0260246861075  0.999026612595291  1.026930653779517E-005  9.259385134086358E-005
  -0.182060958800183  17.7808160326381  1.993727802547987E-005  0.470801225255298  0.000000000000000  5.260649336735026E-002 -3.99944391045129  16.0261369909312  0.999026604055115  1.016578521993592E-005  9.259385136774785E-005
  -0.125997105824090  17.8058436343819  1.982047467848539E-005  0.452203762928152  0.000000000000000  5.260649336735026E-002 -4.02686033898656  16.0262725937586  0.999026601788950  1.006465142469574E-005  9.259385139587300E-005
  -7.540645827154721E-002  17.8308500284608  1.966711540036068E-005  0.433548739092778  0.000000000000000  5.260649336735026E-002 -4.05422380711495  16.0264351529796  0.999026604759726  9.967510032352202E-006  9.259385142348959E-005
  -2.977222867129409E-002  17.8556910512121  1.948998098234680E-005  0.414922025031222  0.000000000000000  5.260649336735026E-002 -4.08154239742638  16.0266285042610  0.999026611619803  9.875859933096553E-006  9.259385144908828E-005
   1.137084807295601E-002  17.8802484242382  1.930228542126049E-005  0.396405338126454  0.000000000000000  5.260649336735026E-002 -4.10882249651264  16.0268566109569  0.999026620934664  9.790988167730385E-006  9.259385147157522E-005
   4.842922103471256E-002  17.9044315281239  1.911587380707913E-005  0.378075098694464  0.000000000000000  5.260649336735026E-002 -4.13606934095888  16.0271235191705  0.999026631397582  9.713790982353403E-006  9.259385149035028E-005
   8.175629825077046E-002  17.9281738927151  1.893947156027906E-005  0.360001571551425  0.000000000000000  5.260649336735026E-002 -4.16328748856114  16.0274333157376  0.999026642084466  9.644174000567428E-006  9.259385150529354E-005
   0.111664567836465  17.9514271711380  1.877531425001585E-005  0.342248274133849  0.000000000000000  5.260649336735026E-002 -4.19048116409539  16.0277900821903  0.999026653154023  9.578114844997572E-006  9.259385151670617E-005
   0.138434442056905  17.9741566009999  1.860845320277144E-005  0.324871624921964  0.000000000000000  5.260649336735026E-002 -4.21765448665193  16.0281978384691  0.999026668322259  9.496265210684564E-006  9.259385152532694E-005
   0.162317116751583  17.9963390908904  1.839088811296183E-005  0.307920802310737  0.000000000000000  5.260649336735026E-002 -4.24481162630280  16.0286604798842  0.999026698910301  9.345289532391623E-006  9.259385153239386E-005
   0.183533647315671  18.0179630187510  1.811544355179466E-005  0.291437782410528  0.000000000000000  5.260649336735026E-002 -4.27195693593317  16.0291817048030  0.999026748836708  9.107913470813855E-006  9.259385153835497E-005
   0.202276299933308  18.0390272021669  1.807973917312018E-005  0.275457523454801  0.000000000000000  5.260649336735026E-002 -4.29909507238362  16.0297649422513  0.999026755383586  9.076833265639271E-006  9.259385153910820E-005
   0.218713039626790  18.0595386393358  1.807726114521961E-005  0.260008265184538  0.000000000000000  5.260649336735026E-002 -4.32623109504553  16.0304132852902  0.999026755839831  9.074668466190863E-006  9.259385153915995E-005
   0.232992646009350  18.0795100975341  1.807714178010226E-005  0.245111914090732  0.000000000000000  5.260649336735026E-002 -4.35337053364255  16.0311294236891  0.999026755861856  9.074563983082802E-006  9.259385153916249E-005
   0.245249730140273  18.0989578019733  1.807713732773635E-005  0.230784488856097  0.000000000000000  5.260649336735026E-002 -4.38051942654796  16.0319155875455  0.999026755862672  9.074560074107630E-006  9.259385153916254E-005
   0.255610041541646  18.1178990655496  1.807713719122005E-005  0.217036604003242  0.000000000000000  5.260649336735026E-002 -4.40768433111074  16.0327734763689  0.999026755862694  9.074559953362176E-006  9.259385153916254E-005
   0.264193265318252  18.1363510227732  1.807713719814491E-005  0.203873973600288  0.000000000000000  5.260649336735026E-002 -4.43487231408979  16.0337041810825  0.999026755862704  9.074559950146051E-006  9.259385153916254E-005
   0.271112853655646  18.1543306519065  1.807713549859683E-005  0.191297920469893  0.000000000000000  5.260649336735026E-002 -4.46209094120772  16.0347426639768  0.999026755862787  9.074559950074434E-006  9.259385153916254E-005
   0.276475593323399  18.1718549447490  1.807713549847020E-005  0.179305879227760  0.000000000000000  5.260649336735026E-002 -4.48934827746748  16.0358947975056  0.999026755862787  9.074559950074434E-006  9.259385153916254E-005
   0.280381402713162  18.1889410098552  1.807713549844531E-005  0.167891883951548  0.000000000000000  5.260649336735026E-002 -4.51665289894367  16.0371311412374  0.999026755862787  9.074559950074434E-006  9.259385153916254E-005
   0.282923089594154  18.2056062158890  1.807713549843501E-005  0.157047033540844  0.000000000000000  5.260649336735026E-002 -4.54401391600003  16.0384483809825  0.999026755862787  9.074559950074434E-006  9.259385153916254E-005
   0.284185683421425  18.2218685320564  1.807713549842918E-005  0.146759929818856  0.000000000000000  5.260649336735026E-002 -4.57144101027975  16.0398384494386  0.999026755862787  9.074559950074434E-006  9.259385153916254E-005
   0.284643894176666  18.2375797366872  1.807713549842544E-005  0.137017064498681  0.000000000000000  5.260649336735026E-002 -4.59894309265248  16.0412837379761  0.999026755862787  9.074559950074434E-006  9.259385153916254E-005
   0.284913694963811  18.2525297867346  1.807713549842286E-005  0.127803173665365  0.000000000000000  5.260649336735026E-002 -4.62652627232351  16.0427483385289  0.999026755862787  9.074559950074434E-006  9.259385153916254E-005
   0.285172896421820  18.2666900034921  1.807713549842102E-005  0.119101593633110  0.000000000000000  5.260649336735026E-002 -4.65419459414647  16.0441673415909  0.999026755862787  9.074559950074434E-006  9.259385153916254E-005
   0.285421757045647  18.2801036359675  1.807713549841969E-005  0.110894592466775  0.000000000000000  5.260649336735026E-002 -4.68195204091018  16.0454308971668  0.999026755862787  9.074559950074434E-006  9.259385153916254E-005
   0.285660546669506  18.2928114399252  1.807713549841873E-005  0.103163657843332  0.000000000000000  5.260649336735026E-002 -4.70980312371911  16.0463717884309  0.999026755862787  9.074559950074434E-006  9.259385153916254E-005
   0.285889543827633  18.3048518257585  1.807713549841798E-005  9.588974730298077E-002  0.000000000000000  5.260649336735026E-002 -4.73775287484357  16.0467395315043  0.999026755862787  9.074559950074434E-006  9.259385153916254E-005
   0.286109033405639  18.3162609988571  1.807713549841735E-005  8.905350600803546E-002  0.000000000000000  5.260649336735026E-002 -4.76580684750864  16.0461550809752  0.999026755862787  9.074559950074434E-006  9.259385153916254E-005
   0.286319304566642  18.3270730923984  1.807713549841690E-005  8.263545470277645E-002  0.000000000000000  5.260649336735026E-002 -4.79397112233087  16.0440666638481  0.999026755862787  9.074559950074434E-006  9.259385153916254E-005
   0.286520648920378  18.3373202926364  1.807713549841655E-005  7.661615054642032E-002  0.000000000000000  5.260649336735026E-002 -4.82225232022617  16.0397720952561  0.999026755862787  9.074559950074434E-006  9.259385153916254E-005
   0.286713358923501  18.3470329568547  1.807713549841622E-005  7.097632341767740E-002  0.000000000000000  5.260649336735026E-002 -4.85065762172475  16.0323720389245  0.999026755862787  9.074559950074434E-006  9.259385153916254E-005
   0.286897726481154  18.3562397242275  1.807713549841602E-005  6.569699017847904E-002  0.000000000000000  5.260649336735026E-002 -4.87919479274105  16.0206673829502  0.999026755862787  9.074559950074434E-006  9.259385153916254E-005
   0.287074041734957  18.3649676198731  1.807713549841583E-005  6.075954924840217E-002  0.000000000000000  5.260649336735026E-002 -4.90787221696096  16.0031388125774  0.999026755862787  9.074559950074434E-006  9.259385153916254E-005
   0.287242592015302  18.3732421524202  1.807713549841569E-005  5.614585768963034E-002  0.000000000000000  5.260649336735026E-002 -4.93669893512784  15.9779247807438  0.999026755862787  9.074559950074434E-006  9.259385153916254E-005
   0.287403660947035  18.3810874054158  1.807713549841558E-005  5.183829284229446E-002  0.000000000000000  5.260649336735026E-002 -4.96568469163650  15.9430972839256  0.999026755862787  9.074559950074434E-006  9.259385153916254E-005
   0.287557527684748  18.3885261229189  1.807713549841552E-005  4.781980038732768E-002  0.000000000000000  5.260649336735026E-002 -4.99483998898305  15.8966079728539  0.999026755862787  9.074559950074434E-006  9.259385153916254E-005
   0.287704466270912  18.3955797896168  1.807713549841545E-005  4.407393055273051E-002  0.000000000000000  5.260649336735026E-002 -5.02417615077367  15.8360159150923  0.999026755862787  9.074559950074434E-006  9.259385153916254E-005
   0.287844745106232  18.4022687057939  1.807713549841539E-005  4.058486402241882E-002  0.000000000000000  5.260649336735026E-002 -5.05370539417098  15.7586279403509  0.999026755862787  9.074559950074434E-006  9.259385153916254E-005
   0.287978626502335  18.4086120574847  1.807713549841535E-005  3.733742895676627E-002  0.000000000000000  5.260649336735026E-002 -5.08344091285894  15.6616031940525  0.999026755862787  9.074559950074434E-006  9.259385153916254E-005
   0.288106366336346  18.4146279821082  1.807713549841534E-005  3.431711039199997E-002  0.000000000000000  5.260649336735026E-002 -5.11339697184380  15.5420245847066  0.999026755862787  9.074559950074434E-006  9.259385153916254E-005
   0.288228213763171  18.4203336298948  1.807713549841529E-005  3.151005315265316E-002  0.000000000000000  5.260649336735026E-002 -5.14358901568773  15.3969812893153  0.999026755862787  9.074559950074434E-006  9.259385153916254E-005
   0.288344411008750  18.4257452213716  1.807713549841530E-005  2.890305928778523E-002  0.000000000000000  5.260649336735026E-002 -5.17403379210560  15.2246185025784  0.999026755862787  9.074559950074434E-006  9.259385153916254E-005
   0.288455193217574  18.4308781011803  1.807713549841530E-005  2.648358092779800E-002  0.000000000000000  5.260649336735026E-002 -5.20474949325690  15.0236217918554  0.999026755862787  9.074559950074434E-006  9.259385153916254E-005
   0.288560788343292  18.4357467884785  1.807713549841529E-005  2.423970935431173E-002  0.000000000000000  5.260649336735026E-002 -5.23575591755320  14.7922862605618  0.999026755862787  9.074559950074434E-006  9.259385153916254E-005
   0.288661417097012  18.4403650241493  1.807713549841529E-005  2.216016098044682E-002  0.000000000000000  5.260649336735026E-002 -5.26707465539923  14.5292028948772  0.999026755862787  9.074559950074434E-006  9.259385153916254E-005
   0.288757292932229  18.4447458150428  1.807713549841527E-005  2.023426085260386E-002  0.000000000000000  5.260649336735026E-002 -5.29872930302257  14.2333913719006  0.999026755862787  9.074559950074434E-006  9.259385153916254E-005
   0.288848622054351  18.4489014754591  1.807713549841525E-005  1.845192420697204E-002  0.000000000000000  5.260649336735026E-002 -5.33074570946280  13.9043435432099  0.999026755862787  9.074559950074434E-006  9.259385153916254E-005
   0.288935603470885  18.4528436660507  1.807713549841522E-005  1.680363654401161E-002  0.000000000000000  5.260649336735026E-002 -5.36315226293605  13.5420521699941  0.999026755862787  9.074559950074434E-006  9.259385153916254E-005
   0.289018429065594  18.4565834303287  1.807713549841523E-005  1.528043262150618E-002  0.000000000000000  5.260649336735026E-002 -5.39598022423495  13.1470241709175  0.999026755862787  9.074559950074434E-006  9.259385153916254E-005
   0.289097283685231  18.4601312289379  1.807713549841521E-005  1.387387471092036E-002  0.000000000000000  5.260649336735026E-002 -5.42926411665650  12.7202784390914  0.999026755862787  9.074559950074434E-006  9.259385153916254E-005
   0.289172345262782  18.4634969718434  1.807713549841522E-005  1.257603041219191E-002  0.000000000000000  5.260649336735026E-002 -5.46304218429645  12.2633290062665  0.999026755862787  9.074559950074434E-006  9.259385153916254E-005
   0.289243784932309  18.4666900485854  1.807713549841520E-005  1.137945027821776E-002  0.000000000000000  5.260649336735026E-002 -5.49735693357525  11.7781549423807  0.999026755862787  9.074559950074434E-006  9.259385153916254E-005
   0.289311767179140  18.4697193567143  1.807713549841517E-005  1.027714546167330E-002  0.000000000000000  5.260649336735026E-002 -5.53225577679928  11.2686472393005  0.999026755862787  9.074559950074434E-006  9.259385153916254E-005
   0.289376449985999  18.4725933285426  1.807713549841516E-005  9.262565562981679E-003  0.000000000000000  5.260649336735026E-002 -5.56779180173513  10.7391127156248  0.999026755862787  9.074559950074434E-006  9.259385153916254E-005
   0.289437984999236  18.4753199563126  1.807713549841513E-005  8.329576828814581E-003  0.000000000000000  5.260649336735026E-002 -5.60402469803674  10.1927009638052  0.999026755862787  9.074559950074434E-006  9.259385153916254E-005
   0.289496517687874  18.4779068158957  1.807713549841510E-005  7.472440825093309E-003  0.000000000000000  5.260649336735026E-002 -5.64102188056397  9.63273371735355  0.999026755862787  9.074559950074434E-006  9.259385153916254E-005
   0.289552187519796  18.4803610891051  1.807713549841504E-005  6.685793686760898E-003  0.000000000000000  5.260649336735026E-002 -5.67885986210075  9.06266367099835  0.999026755862787  9.074559950074434E-006  9.259385153916254E-005
   0.289605128136502  18.4826895847187  1.807713549841503E-005  5.964626028365763E-003  0.000000000000000  5.260649336735026E-002 -5.71762594509257  8.48601486379355  0.999026755862787  9.074559950074434E-006  9.259385153916254E-005
   0.289655467524720  18.4848987582895  1.807713549841502E-005  5.304263584567744E-003  0.000000000000000  5.260649336735026E-002 -5.75742032581619  7.90632628016381  0.999026755862787  9.074559950074434E-006  9.259385153916254E-005
   0.289703328206299  18.4869947308100  1.807713549841499E-005  4.700348637979081E-003  0.000000000000000  5.260649336735026E-002 -5.79835873795528  7.32710001044200  0.999026755862787  9.074559950074434E-006  9.259385153916254E-005
   0.289748827401684  18.4889833063113  1.807713549841495E-005  4.148822283350428E-003  0.000000000000000  5.260649336735026E-002 -5.84057581064236  6.75175501787180  0.999026755862787  9.074559950074434E-006  9.259385153916254E-005
   0.289792077218859  18.4908699884350  1.807713549841493E-005  3.645907572258200E-003  0.000000000000000  5.260649336735026E-002 -5.88422938611751  6.18358727656330  0.999026755862787  9.074559950074434E-006  9.259385153916254E-005
   0.289833184822631  18.4926599960452  1.807713549841492E-005  3.188093581676846E-003  0.000000000000000  5.260649336735026E-002 -5.92950614626665  5.62573678918649  0.999026755862787  9.074559950074434E-006  9.259385153916254E-005
   0.289872252607268  18.4943582779097  1.807713549841488E-005  2.772120454090731E-003  0.000000000000000  5.260649336735026E-002 -5.97662905522107  5.08116177707518  0.999026755862787  9.074559950074434E-006  9.259385153916254E-005
   0.289909378363677  18.4959695264805  1.807713549841483E-005  2.394965467772197E-003  0.000000000000000  5.260649336735026E-002 -6.02586737037970  4.55262017019561  0.999026755862787  9.074559950074434E-006  9.259385153916254E-005
   0.289944655439684  18.4974981907805  1.807713549841484E-005  2.053830216335494E-003  0.000000000000000  5.260649336735026E-002 -6.07755036494681  4.04265842208782  0.999026755862787  9.074559950074434E-006  9.259385153916254E-005
   0.289978172897915  18.4989484883723  1.807713549841483E-005  1.746129011475252E-003  0.000000000000000  5.260649336735026E-002 -6.13208654640246  3.55360765061244  0.999026755862787  9.074559950074434E-006  9.259385153916254E-005
   0.290010015652987  18.5003244163464  1.807713549841483E-005  1.469478680297135E-003  0.000000000000000  5.260649336735026E-002 -6.18999124389876  3.08758718284449  0.999026755862787  9.074559950074434E-006  9.259385153916254E-005
   0.290040264603896  18.5016297611619  1.807713549841480E-005  1.221690023921893E-003  0.000000000000000  5.260649336735026E-002 -6.25192735802827  2.64651580426754  0.999026755862787  9.074559950074434E-006  9.259385153916254E-005
   0.290068996735120  18.5028681070296  1.807713549841478E-005  1.000761365276080E-003  0.000000000000000  5.260649336735026E-002 -6.31876761000084  2.23213145793515  0.999026755862787  9.074559950074434E-006  9.259385153916254E-005
   0.290096285176948  18.5040428421799  1.807713549841474E-005  8.048748964371379E-004  0.000000000000000  5.260649336735026E-002 -6.39169352114306  1.84602096627696  0.999026755862787  9.074559950074434E-006  9.259385153916254E-005
   0.290122199198179  18.5051571616320  1.807713549841473E-005  6.323970544139390E-004  0.000000000000000  5.260649336735026E-002 -6.47236064338297  1.48966288861343  0.999026755862787  9.074559950074434E-006  9.259385153916254E-005
   0.290146804035549  18.5062140633397  1.807713549841474E-005  4.818851649603380E-004  0.000000000000000  5.260649336735026E-002 -6.56319157095700  1.16448962253989  0.999026755862787  9.074559950074434E-006  9.259385153916254E-005
   0.290170160401783  18.5072163298598  1.807713549841471E-005  3.521047209387109E-004  0.000000000000000  5.260649336735026E-002 -6.66793730769261  0.871981115890350  0.999026755862787  9.074559950074434E-006  9.259385153916254E-005
   0.290192323101241  18.5081664729970  1.807713549841471E-005  2.420666069369371E-004  0.000000000000000  5.260649336735026E-002 -6.79286917584879  0.613817010939980  0.999026755862787  9.074559950074434E-006  9.259385153916254E-005
   0.290213336866649  18.5090665618632  1.807713549841469E-005  1.511067478095903E-004  0.000000000000000  5.260649336735026E-002 -6.94970292517360  0.392152390403695  0.999026755862787  9.074559950074434E-006  9.259385153916254E-005
   0.290233220025369  18.5099175444607  1.807713549841467E-005  7.907338029832006E-005  0.000000000000000  5.260649336735026E-002 -7.16455407592337  0.210207316047728  0.999026755862787  9.074559950074434E-006  9.259385153916254E-005
   0.290251844104878  18.5107142633162  1.807713549841468E-005  2.688029935533291E-005  0.000000000000000  5.260649336735026E-002 -7.51888334391045  7.395344716490844E-002  0.999026755862787  9.074559950074434E-006  9.259385153916254E-005
