  -19.8925434623723  8.47336705494882  1.737724864645650E-003  4.97274999999999  0.697189888643197  5.319322236783958E-002  2.94046083868049  1338.53559955312  0.298770424935583  4.059535736273395E-004  3.703507226167738E-004
  -19.6732271210200  8.56118841701390  1.737724864645650E-003  4.97274838350428  0.697189888643197  5.319322236783958E-002  2.93968686861590  1338.53559955311  0.298770424935583  4.059535736273395E-004  3.703507226167738E-004
  -19.5398830299253  8.68201973682730  1.737724864631090E-003  4.97274728798322  0.697189888643195  5.319322236783958E-002  2.93926916313092  1338.53559955311  0.298770424935586  4.059535736276344E-004  3.703507226168024E-004
  -18.5637374097866  8.82290872973890  1.737724864620596E-003  4.97274666330216  0.697189888643192  5.319322236783958E-002  2.93904082610394  1338.53559955311  0.298770424935589  4.059535736279115E-004  3.703507226174788E-004
  -17.2470424065474  8.96683190147775  1.737724864603913E-003  4.97274585005405  0.697189888643187  5.319322236783958E-002  2.93872722806503  1338.53559955312  0.298770424935595  4.059535736283462E-004  3.703507226177098E-004
  -16.1035859164831  9.10065548128637  1.737724864548730E-003  4.97274402526819  0.697189888643162  5.319322236783958E-002  2.93803388938980  1338.53559955313  0.298770424935620  4.059535736297748E-004  3.703507226185638E-004
  -15.1937732313021  9.21688219999067  1.737724864386003E-003  4.97274000645649  0.697189888643042  5.319322236783958E-002  2.93667709875209  1338.53559955316  0.298770424935741  4.059535736339153E-004  3.703507226211064E-004
  -14.4589414453796  9.31604691162113  1.737724864075130E-003  4.97273183326392  0.697189888642619  5.319322236783958E-002  2.93448511232222  1338.53559955323  0.298770424936167  4.059535736415328E-004  3.703507226260350E-004
  -13.8254183569940  9.40430897528434  1.737724863662698E-003  4.97271605110871  0.697189888641550  5.319322236783958E-002  2.93144417321096  1338.53559955333  0.298770424937239  4.059535736508887E-004  3.703507226327725E-004
  -13.2503608821928  9.48765249663462  1.737724863219297E-003  4.97268634508848  0.697189888639368  5.319322236783958E-002  2.92761468177415  1338.53559955345  0.298770424939424  4.059535736594545E-004  3.703507226404447E-004
  -12.7174602161732  9.57032539927662  1.737724862797024E-003  4.97263144966083  0.697189888635458  5.319322236783958E-002  2.92306571918029  1338.53559955348  0.298770424943336  4.059535736650290E-004  3.703507226485584E-004
  -12.2253062758169  9.65556123611884  1.737724862426421E-003  4.97253223199551  0.697189888629051  5.319322236783958E-002  2.91785890607599  1338.53559955325  0.298770424949743  4.059535736658168E-004  3.703507226570654E-004
  -11.7813981276171  9.74634795529580  1.737724862126042E-003  4.97235834043930  0.697189888619361  5.319322236783958E-002  2.91205238240688  1338.53559955244  0.298770424959429  4.059535736603531E-004  3.703507226661660E-004
  -11.3975478078646  9.84565080846573  1.737724861906255E-003  4.97206497505730  0.697189888605875  5.319322236783958E-002  2.90569625546079  1338.53559955064  0.298770424972909  4.059535736477577E-004  3.703507226761134E-004
  -11.0758534729912  9.95499230388602  1.737724861906254E-003  4.97158248326057  0.697189888605875  5.319322236783958E-002  2.89874580520023  1338.53559954732  0.298770424972909  4.059535736477577E-004  3.703507226761116E-004
  -10.7920184977811  10.0723877824760  1.737724861906254E-003  4.97077946014129  0.697189888605875  5.319322236783958E-002  2.89092379790413  1338.53559954196  0.298770424972909  4.059535736477576E-004  3.703507226761109E-004
  -10.5298652458888  10.1968042772160  1.737724861906254E-003  4.96943970940057  0.697189888605875  5.319322236783958E-002  2.88196308531101  1338.53559953464  0.298770424972909  4.059535736477576E-004  3.703507226761104E-004
  -10.3229610693678  10.3342780297783  1.737724861906254E-003  4.96731469310374  0.697189888605875  5.319322236783958E-002  2.87196221062298  1338.53559952618  0.298770424972909  4.059535736477576E-004  3.703507226761099E-004
  -10.2054838914651  10.4919439221108  1.737724861906254E-003  4.96410244994101  0.697189888605875  5.319322236783958E-002  2.86095739245940  1338.53559952411  0.298770424972909  4.059535736477576E-004  3.703507226761098E-004
  -10.1556116868020  10.6689251084138  1.737724861906254E-003  4.95917164033587  0.697189888605875  5.319322236783958E-002  2.84825199761368  1338.53559957460  0.298770424972909  4.059535736477576E-004  3.703507226761100E-004
  -10.1105694740087  10.8557592137059  1.737724861906254E-003  4.95108172775930  0.697189888605875  5.319322236783958E-002  2.83240884006595  1338.53559988431  0.298770424972909  4.059535736477575E-004  3.703507226761105E-004
  -9.99861088820083  11.0373838169460  1.737724861906254E-003  4.93689957824070  0.697189888605875  5.319322236783958E-002  2.81172318009948  1338.53560122450  0.298770424972909  4.059535736477579E-004  3.703507226761110E-004
  -9.82502565671246  11.2104148069108  1.737724861906253E-003  4.91266643366150  0.697189888605875  5.319322236783958E-002  2.78583387038525  1338.53560501607  0.298770424972909  4.059535736477580E-004  3.703507226761114E-004
  -9.68133964813343  11.3898534071567  1.737724861906251E-003  4.87465292863222  0.697189888605875  5.319322236783958E-002  2.75585029832991  1338.53561323983  0.298770424972909  4.059535736477581E-004  3.703507226761116E-004
  -9.61123073830635  11.5829049492000  1.737724861906251E-003  4.81887114807140  0.697189888605875  5.319322236783958E-002  2.72216304157343  1338.53563005624  0.298770424972909  4.059535736477582E-004  3.703507226761118E-004
  -9.58816894493666  11.7800153055836  1.737724861906251E-003  4.74076410136637  0.697189888605875  5.319322236783958E-002  2.68429560044558  1338.53566110056  0.298770424972909  4.059535736477584E-004  3.703507226761118E-004
  -9.58147643706812  11.9689687330976  1.737724861906245E-003  4.63735556222579  0.697189888605875  5.319322236783958E-002  2.64232597053390  1338.53570811133  0.298770424972909  4.059535736477587E-004  3.703507226761117E-004
  -9.57951827274306  12.1431928021182  1.737724861906228E-003  4.50906155480778  0.697189888605874  5.319322236783958E-002  2.59713455564222  1338.53576721007  0.298770424972909  4.059535736477594E-004  3.703507226761110E-004
  -9.57875189655678  12.3004128569672  1.737724861906180E-003  4.35929960932939  0.697189888605874  5.319322236783958E-002  2.54980650789917  1338.53583105457  0.298770424972910  4.059535736477613E-004  3.703507226761086E-004
  -9.57813643749480  12.4409072442357  1.737724861906054E-003  4.19308668254767  0.697189888605871  5.319322236783958E-002  2.50125003034785  1338.53589267010  0.298770424972913  4.059535736477659E-004  3.703507226761019E-004
  -9.57733412378012  12.5661975273427  1.737724861905769E-003  4.01570186964188  0.697189888605863  5.319322236783958E-002  2.45208439563698  1338.53594748780  0.298770424972921  4.059535736477739E-004  3.703507226760869E-004
  -9.57626730833122  12.6782377419467  1.737724861905223E-003  3.83189012170662  0.697189888605843  5.319322236783958E-002  2.40267137877879  1338.53599341981  0.298770424972941  4.059535736477849E-004  3.703507226760587E-004
  -9.57495093421237  12.7789732815432  1.737724861904303E-003  3.64555750982934  0.697189888605803  5.319322236783958E-002  2.35318548174388  1338.53603009275  0.298770424972981  4.059535736477951E-004  3.703507226760127E-004
  -9.57341939088547  12.8701510314145  1.737724861902892E-003  3.45975415731486  0.697189888605730  5.319322236783958E-002  2.30367744247432  1338.53605806954  0.298770424973054  4.059535736477974E-004  3.703507226759446E-004
  -9.57170727385168  12.9532705604027  1.737724861900863E-003  3.27677980403868  0.697189888605608  5.319322236783958E-002  2.25411951715470  1338.53607831779  0.298770424973177  4.059535736477804E-004  3.703507226758505E-004
  -9.56984817973273  13.0295967998316  1.737724861898073E-003  3.09832091031190  0.697189888605415  5.319322236783958E-002  2.20443413470808  1338.53609190456  0.298770424973370  4.059535736477280E-004  3.703507226757264E-004
  -9.56787055797820  13.1001911712352  1.737724861894340E-003  2.92558006080203  0.697189888605123  5.319322236783958E-002  2.15451064021670  1338.53609983816  0.298770424973662  4.059535736476181E-004  3.703507226755679E-004
  -9.56579033965733  13.1659449326376  1.737724861889414E-003  2.75938520651786  0.697189888604692  5.319322236783958E-002  2.10421433107390  1338.53610298843  0.298770424974094  4.059535736474187E-004  3.703507226753688E-004
  -9.56361120861394  13.2276123250184  1.737724861882953E-003  2.60027761980933  0.697189888604065  5.319322236783958E-002  2.05339061355199  1338.53610204703  0.298770424974722  4.059535736470849E-004  3.703507226751214E-004
  -9.56133157884281  13.2858414465488  1.737724861874520E-003  2.44858110318539  0.697189888603165  5.319322236783958E-002  2.00186586259007  1338.53609750810  0.298770424975622  4.059535736465536E-004  3.703507226748163E-004
  -9.55894986704279  13.3411999645155  1.737724861863561E-003  2.30445584147817  0.697189888601890  5.319322236783958E-002  1.94944584467666  1338.53608965614  0.298770424976899  4.059535736457379E-004  3.703507226744434E-004
  -9.55646432186158  13.3941951197325  1.737724861849375E-003  2.16794021016608  0.697189888600100  5.319322236783958E-002  1.89591218496420  1338.53607855266  0.298770424978690  4.059535736445191E-004  3.703507226739914E-004
  -9.55386906361541  13.4452896123850  1.737724861831071E-003  2.03898338402845  0.697189888597612  5.319322236783958E-002  1.84101706575982  1338.53606401621  0.298770424981180  4.059535736427370E-004  3.703507226734475E-004
  -9.55115054248131  13.4949158708960  1.737724861807508E-003  1.91747103296621  0.697189888594181  5.319322236783958E-002  1.78447605890210  1338.53604559190  0.298770424984613  4.059535736401746E-004  3.703507226727982E-004
  -9.54828711784572  13.5434906312603  1.737724861777173E-003  1.80324588048087  0.697189888589472  5.319322236783958E-002  1.72595871050427  1338.53602250786  0.298770424989325  4.059535736365333E-004  3.703507226720270E-004
  -9.54525092304206  13.5914305139890  1.737724861737995E-003  1.69612450270458  0.697189888583020  5.319322236783958E-002  1.66507622884376  1338.53599361528  0.298770424995781  4.059535736313945E-004  3.703507226711138E-004
  -9.54200924858879  13.6391687157057  1.737724861687105E-003  1.59591148441305  0.697189888574164  5.319322236783958E-002  1.60136537332542  1338.53595730943  0.298770425004641  4.059535736241632E-004  3.703507226700336E-004
  -9.53852289391577  13.6871732472195  1.737724861620379E-003  1.50241189213748  0.697189888561945  5.319322236783958E-002  1.53426737681422  1338.53591142854  0.298770425016866  4.059535736139681E-004  3.703507226687533E-004
  -9.53474038992196  13.7359680346753  1.737724861531609E-003  1.41544293621106  0.697189888544900  5.319322236783958E-002  1.46310045660693  1338.53585313228  0.298770425033917  4.059535735994809E-004  3.703507226672270E-004
  -9.53058887881098  13.7861593494674  1.737724861411136E-003  1.33484563686669  0.697189888520733  5.319322236783958E-002  1.38702427845108  1338.53577877176  0.298770425058094  4.059535735786053E-004  3.703507226653890E-004
  -9.52596324871605  13.8384708210920  1.737724861243255E-003  1.26049721459442  0.697189888485664  5.319322236783958E-002  1.30499495624239  1338.53568378930  0.298770425093176  4.059535735478853E-004  3.703507226631426E-004
  -9.52071381061054  13.8937900300673  1.737724861000784E-003  1.19232463937706  0.697189888433090  5.319322236783958E-002  1.21571064287714  1338.53556274446  0.298770425145769  4.059535735012645E-004  3.703507226603350E-004
  -9.51463015006975  13.9532276998818  1.737724860633183E-003  1.13031894820360  0.697189888350615  5.319322236783958E-002  1.11755242792396  1338.53540967684  0.298770425228271  4.059535734273457E-004  3.703507226567106E-004
  -9.50741611868078  14.0181848600392  1.737724860038941E-003  1.07454782725061  0.697189888213083  5.319322236783958E-002  1.00853697298983  1338.53521920908  0.298770425365845  4.059535733029369E-004  3.703507226518167E-004
  -9.49865014410449  14.0904096502949  1.737724858991459E-003  1.02515928392525  0.697189887963782  5.319322236783958E-002  0.886322126355813  1338.53498899751  0.298770425615222  4.059535730756178E-004  3.703507226447776E-004
  -9.48773124399370  14.1719981613155  1.737724856917359E-003  0.982360986543842  0.697189887457770  5.319322236783958E-002  0.748348010616979  1338.53472396205  0.298770426121382  4.059535726110872E-004  3.703507226337203E-004
  -9.47382873723918  14.2652546061809  1.737724852175341E-003  0.946351172760194  0.697189886275835  5.319322236783958E-002  0.592233320640107  1338.53444115171  0.298770427303659  4.059535715199011E-004  3.703507226143250E-004
  -9.45587377892339  14.3723109584364  1.737724839169475E-003  0.917183406962138  0.697189882975567  5.319322236783958E-002  0.416496624930854  1338.53417046938  0.298770430604870  4.059535684591303E-004  3.703507225750326E-004
  -9.43019693091124  14.4936205737214  1.737724789731798E-003  0.894586946151686  0.697189870250048  5.319322236783958E-002  0.221469068465974  1338.53394962649  0.298770443334015  4.059535566155307E-004  3.703507224684495E-004
  -9.36755391231201  14.6191551337200  1.737724357099876E-003  0.877801086222821  0.697189757754150  5.319322236783958E-002  1.041242475751557E-002  1338.53380406439  0.298770555861610  4.059534516504757E-004  3.703507217588315E-004
  -9.21405425927646  14.7412017824819  1.265279241583299E-003  0.865301444271197  0.572476408579485  5.319322236783958E-002 -0.203678047602578  1338.53371830132  0.423523517780908  2.892971517045772E-004  3.703507161070553E-004
  -9.00172305075205  14.8635201629376  8.658270671152133E-004  0.855460195625620  0.465906312163758  5.319322236783958E-002 -0.407937280119861  1338.53366490016  0.530127140967415  1.908691609296813E-004  3.703507102597215E-004
  -8.74706848985486  14.9869356676925  5.613012937328006E-004  0.847230964269122  0.382957975505730  5.319322236783958E-002 -0.599531478570827  1338.53362546052  0.613101085555701  1.161228022285626E-004  3.703507059632395E-004
  -8.47004566608646  15.1123508489376  3.620064459179752E-004  0.839946374247484  0.326608724241547  5.319322236783958E-002 -0.778803626551444  1338.53359170508  0.669467149817852  6.752993772776144E-005  3.703507034176988E-004
  -8.18663865322243  15.2397766466394  2.475523578344102E-004  0.833220480892983  0.291918831106485  5.319322236783958E-002 -0.947394647023590  1338.53355920876  0.704166754143640  3.995670330543970E-005  3.703507019869252E-004
  -7.90675410665693  15.3677300404294  1.881396540176417E-004  0.826856100683054  0.271405296365760  5.319322236783958E-002 -1.10643947864798  1338.53352467793  0.724685384013507  2.596806851229583E-005  3.703507012579472E-004
  -7.63809005524389  15.4940155789288  1.594656172518060E-004  0.820783976806180  0.258916611666625  5.319322236783958E-002 -1.25584566780739  1338.53348624373  0.737176577950287  1.951804205142194E-005  3.703507009212799E-004
  -7.38715114550823  15.6158999748316  1.461227649525336E-004  0.815019157303820  0.250551469472851  5.319322236783958E-002 -1.39454696916208  1338.53344333070  0.745542932058284  1.678243833414293E-005  3.703507007783638E-004
  -7.15838864157882  15.7306531768223  1.397869759910462E-004  0.809614431266705  0.244210921392754  5.319322236783958E-002 -1.52132824981833  1338.53339669091  0.751884092237602  1.570322743089703E-005  3.703507007217429E-004
  -6.95337592359313  15.8365372279267  1.364755950530168E-004  0.804611217545916  0.238893227411520  5.319322236783958E-002 -1.63572280466149  1338.53334783140  0.757202133808123  1.530525349198904E-005  3.703507007004696E-004
  -6.77084590639888  15.9332581587509  1.344552959927806E-004  0.800009710738680  0.234153398188315  5.319322236783958E-002 -1.73839443529200  1338.53329791143  0.761942193885190  1.517517178380765E-005  3.703507006927785E-004
  -6.60762000300930  16.0215837241796  1.330156164304929E-004  0.795770274124166  0.229791087296026  5.319322236783958E-002 -1.83085796540439  1338.53324640338  0.766304681479693  1.515563981259386E-005  3.703507006900743E-004
  -6.46014105026654  16.1028401545008  1.318697801237074E-004  0.791832556136030  0.225703814631277  5.319322236783958E-002 -1.91494108391485  1338.53319066614  0.770392104070609  1.519583012965699E-005  3.703507006891444E-004
  -6.32533467282328  16.1784863952221  1.308971570116563E-004  0.788133449493443  0.221827427035030  5.319322236783958E-002 -1.99238439772481  1338.53312612720  0.774268628508310  1.528741874926067E-005  3.703507006888316E-004
  -6.20064429085378  16.2498004428966  1.300412993003871E-004  0.784616717661418  0.218113893591132  5.319322236783958E-002 -2.06466403861442  1338.53304535854  0.777982294282067  1.543950927185486E-005  3.703507006887292E-004
  -6.08401858336247  16.3178102759114  1.292710684973448E-004  0.781235979767103  0.214522851703922  5.319322236783958E-002 -2.13296019901396  1338.53293648149  0.781573470712846  1.566909995887324E-005  3.703507006886956E-004
  -5.97369987549485  16.3832588510290  1.285657035103113E-004  0.777954364763874  0.211017705225470  5.319322236783958E-002 -2.19818914228945  1338.53278009974  0.785078760015668  1.599702284610309E-005  3.703507006886852E-004
  -5.86820804113450  16.4466735570676  1.279085997639667E-004  0.774742999638429  0.207563017022398  5.319322236783958E-002 -2.26105148827878  1338.53254339344  0.788533605080900  1.644536661347216E-005  3.703507006886820E-004
  -5.76641299750433  16.5084660506981  1.272840326984788E-004  0.771579356280710  0.204121965694245  5.319322236783958E-002 -2.32208014537105  1338.53217025113  0.791974832739522  1.703492107316613E-005  3.703507006886809E-004
  -5.66738073795620  16.5689325345770  1.266745596724914E-004  0.768445803145294  0.200653180085128  5.319322236783958E-002 -2.38167991986797  1338.53156224559  0.795443819097974  1.778230761999012E-005  3.703507006886808E-004
  -5.57037905276979  16.6283025805090  1.260580525579813E-004  0.765328430319541  0.197106282486027  5.319322236783958E-002 -2.44015737775285  1338.53053478787  0.798990946226652  1.869709842454931E-005  3.703507006886808E-004
  -5.47481359194243  16.6867504062496  1.254037273216759E-004  0.762216120946723  0.193415356544667  5.319322236783958E-002 -2.49774332945701  1338.52869029475  0.802682134377433  1.977960284288804E-005  3.703507006886808E-004
  -5.38013715476985  16.7443880249308  1.246667172146001E-004  0.759099803923967  0.189489308880527  5.319322236783958E-002 -2.55460826517615  1338.52501811792  0.806608480943886  2.102024932348294E-005  3.703507006886808E-004
  -5.28590883233098  16.8013103219607  1.237811773221055E-004  0.755971838416414  0.185198392106540  5.319322236783958E-002 -2.61087319796426  1338.51664670931  0.810899738538177  2.240100391805404E-005  3.703507006886808E-004
  -5.19181131936393  16.8576201811730  1.226524008585890E-004  0.752825493725134  0.180355773533734  5.319322236783958E-002 -2.66661782154068  1338.49510111465  0.815742747883617  2.389904327034527E-005  3.703507006886808E-004
  -5.09757389101521  16.9134148909582  1.211505738536247E-004  0.749654475048716  0.174695942323370  5.319322236783958E-002 -2.72188501988560  1338.43553194916  0.821403032168621  2.549110317970896E-005  3.703507006886808E-004
  -5.00285540916215  16.9687557994507  1.191100718928011E-004  0.746452432540542  0.167852013060901  5.319322236783958E-002 -2.77668081555789  1338.26619450522  0.828247494148580  2.715701130476924E-005  3.703507006886808E-004
  -4.90719149833661  17.0236602012107  1.163430112920780E-004  0.743212400485199  0.159343931185507  5.319322236783958E-002 -2.83097075999531  1337.78583683424  0.836756209088627  2.888008633069673E-005  3.703507006886808E-004
  -4.81006475955447  17.0781336604544  1.126798614061420E-004  0.739926154035802  0.148605309006535  5.319322236783958E-002 -2.88467629924602  1336.45135600803  0.847495583121883  3.064382285145531E-005  3.703507006886808E-004
  -4.71084783494326  17.1321428733650  1.080371241873594E-004  0.736583497775247  0.135067381657263  5.319322236783958E-002 -2.93767376948092  1332.87189687415  0.861034387871597  3.242614127548256E-005  3.703507006886808E-004
  -4.60872100207459  17.1855555167922  1.025107334321584E-004  0.733171540608465  0.118354424330209  5.319322236783958E-002 -2.98979908072094  1323.72506222731  0.877748330476580  3.419299139450689E-005  3.703507006886808E-004
  -4.50269910189392  17.2380896294008  9.645181055204487E-005  0.729674110948595  9.859032975344878E-002  5.319322236783958E-002 -3.04086511532583  1301.76083327785  0.897513466045169  3.589475797538508E-005  3.703507006886808E-004
  -4.39154541110856  17.2891888988908  9.045655878093235E-005  0.726071544513370  7.672761900148864E-002  5.319322236783958E-002 -3.09069581609637  1253.32915823612  0.919377188429850  3.746826600883153E-005  3.703507006886808E-004
  -4.27339249327388  17.3377896353566  8.521839367699693E-005  0.722341023431049  5.468156009615827E-002  5.319322236783958E-002 -3.13916913128723  1158.26811789787  0.941424131772321  3.884698240241103E-005  3.703507006886808E-004
  -4.14551118798114  17.3822435334349  8.127725546237675E-005  0.718457421996176  3.494737393371581E-002  5.319322236783958E-002 -3.18624872528159  998.276913757665  0.961158998687362  3.997855839701749E-005  3.703507006886808E-004
  -4.00452217389444  17.4205930183427  7.882742073758103E-005  0.714394243184124  1.965234852929137E-002  5.319322236783958E-002 -3.23197963704273  776.348365330934  0.976454472487114  4.084238354160406E-005  3.703507006886808E-004
  -3.84725444114966  17.4511983595907  7.772226781387725E-005  0.710123979340914  9.594858306579184E-003  5.319322236783958E-002 -3.27643975672783  530.646763641665  0.986512197190876  4.145671816594035E-005  3.703507006886809E-004
  -3.67242921475914  17.4735377759252  7.763291169969941E-005  0.705617562920665  4.056621416232824E-003  5.319322236783958E-002 -3.31967971036074  316.717457432786  0.992050496110566  4.186808617472936E-005  3.703507006886808E-004
  -3.48177799915689  17.4885185023671  7.821243988370179E-005  0.700843312830679  1.505738520610634E-003  5.319322236783958E-002 -3.36169947633867  168.826687462320  0.994601306774998  4.212617771342043E-005  3.703507006886808E-004
  -3.27940356710458  17.4979939647992  7.918778202782124E-005  0.695766133793984  5.061287782844262E-004  5.319322236783958E-002 -3.40247172444465  84.7771776289391  0.995600738483459  4.225836876268992E-005  3.703507006886807E-004
  -3.07004858211419  17.5039530272584  8.038221921720686E-005  0.690347386137517  1.602540195239281E-004  5.319322236783958E-002 -3.44197969121323  43.3946891394623  0.995946375919229  4.226512583313410E-005  3.703507006886807E-004
  -2.85769624070576  17.5079687793882  8.169384856417549E-005  0.684545313837485  4.974426188029530E-005  5.319322236783958E-002 -3.48023770228311  24.6741168998009  0.996056671864885  4.214309186653693E-005  3.703507006886805E-004
  -2.64516758224292  17.5110851723034  8.306133356026201E-005  0.678315731164816  1.547234272435607E-005  5.319322236783958E-002 -3.51728998970776  16.4853757512153  0.996090779614392  4.190734146636235E-005  3.703507006886804E-004
  -2.43437833365421  17.5139514604695  8.444171556201567E-005  0.671612804260040  4.838865698740188E-006  5.319322236783958E-002 -3.55320044223488  12.9263657136784  0.996101263704506  4.158804425453542E-005  3.703507006886803E-004
  -2.22672134439825  17.5169893567292  8.580081537166759E-005  0.664389930466125  1.513442944774766E-006  5.319322236783958E-002 -3.58804339312013  11.3781814622823  0.996104422240607  4.121620115281945E-005  3.703507006886802E-004
  -2.02333585221774  17.5205066699909  8.711129366069729E-005  0.656600779739109  4.704502065785027E-007  5.319322236783958E-002 -3.62189804640020  10.7052499521854  0.996105275455985  4.081544856580324E-005  3.703507006886801E-004
  -1.82525525392648  17.5247602849474  8.835309659496469E-005  0.648200551939731  1.446318010427527E-007  5.319322236783958E-002 -3.65484568254911  10.4139227445822  0.996105398351332  4.040154797138996E-005  3.703507006886801E-004
  -1.63347679433670  17.5299881323845  8.951352822644720E-005  0.639147468510716  4.385008799073010E-008  5.319322236783958E-002 -3.68696837486637  10.2885927693501  0.996105294406398  3.998491774295791E-005  3.703507006886802E-004
  -1.44898292625726  17.5364225892592  9.058621168253500E-005  0.629404475882585  1.307953506483396E-008  5.319322236783958E-002 -3.71834835169489  10.2350622316567  0.996105126500655  3.957289342384680E-005  3.703507006886803E-004
  -1.27272778583023  17.5442905212828  9.156883485465968E-005  0.618941094552972  3.832780432591794E-009  5.319322236783958E-002 -3.74906748867822  10.2123555931899  0.996104947493193  3.917086093142677E-005  3.703507006886804E-004
  -1.10559589234912  17.5538022627377  9.246048666623464E-005  0.607735304857335  1.100285299781441E-009  5.319322236783958E-002 -3.77920662692023  10.2027630189137  0.996104774610088  3.878252271892767E-005  3.703507006886805E-004
  -0.948346185142656  17.5651340456822  9.325910805017905E-005  0.595775325392784  3.070174708573696E-010  5.319322236783958E-002 -3.80884458674244  10.1986868504215  0.996104613622770  3.840977106292468E-005  3.703507006886806E-004
  -0.801556171684199  17.5784091380194  9.395999858289077E-005  0.583061122176804  8.040977844073570E-011  5.319322236783958E-002 -3.83805691385637  10.1968884565207  0.996104466720406  3.805251780950955E-005  3.703507006886808E-004
  -0.665570879184889  17.5936791709929  9.455550972996621E-005  0.569605490945384  1.728674729339854E-011  5.319322236783958E-002 -3.86691447404419  10.1960017633666  0.996104335020505  3.770876553308808E-005  3.703507006886808E-004
  -0.540465246742189  17.6109090984760  9.503616930005922E-005  0.555434583791488  0.000000000000000  5.319322236783958E-002 -3.89548203034703  10.1954609911540  0.996104219270714  3.737500002978282E-005  3.703507006886808E-004
  -0.426034118439662  17.6299718776596  9.539285294168023E-005  0.540587804035448  0.000000000000000  5.319322236783958E-002 -3.92381697950866  10.1949580492655  0.996104119937682  3.704690589963402E-005  3.703507006886808E-004
  -0.321821948548998  17.6506584452241  9.561937899663596E-005  0.525117062733135  0.000000000000000  5.319322236783958E-002 -3.95196846843418  10.1943498613880  0.996104037108175  3.672027773352460E-005  3.703507006886808E-004
  -0.227191133338763  17.6727032586865  9.571494411169773E-005  0.509085462012665  0.000000000000000  5.319322236783958E-002 -3.97997709268465  10.1936477246817  0.996103970357428  3.639192529696130E-005  3.703507006886808E-004
  -0.141409978420153  17.6958181379500  9.568579928298966E-005  0.492565527081579  0.000000000000000  5.319322236783958E-002 -4.00787525941553  10.1928686747084  0.996103918664894  3.606038775497516E-005  3.703507006886808E-004
  -6.373373837827152E-002  17.7197236707042  9.554562833451644E-005  0.475637138489571  0.000000000000000  5.319322236783958E-002 -4.03568812036803  10.1920343018800  0.996103880431114  3.572630907527560E-005  3.703507006886808E-004
   6.542776760794429E-003  17.7441692145704  9.531458462646654E-005  0.458385317963427  0.000000000000000  5.319322236783958E-002 -4.06343483562038  10.1911696408141  0.996103853590975  3.539239016649878E-005  3.703507006886808E-004
   7.007296182594517E-002  17.7689363192681  9.501696986489820E-005  0.440898001948952  0.000000000000000  5.319322236783958E-002 -4.09112986032982  10.1903024426666  0.996103835810385  3.506280254999778E-005  3.703507006886808E-004
   0.127472025814319  17.7938313898498  9.467695616520508E-005  0.423263910230570  0.000000000000000  5.319322236783958E-002 -4.11878400818533  10.1894626247903  0.996103824740691  3.474135292007734E-005  3.703507006886807E-004
   0.179318443364840  17.8186834017264  9.430790385624480E-005  0.405570594754454  0.000000000000000  5.319322236783958E-002 -4.14640526721685  10.1886813667576  0.996103818330924  3.442454290546799E-005  3.703507006886785E-004
   0.226140280019226  17.8433480358139  9.387490215011876E-005  0.387902733050321  0.000000000000000  5.319322236783958E-002 -4.17399949715449  10.1879899371008  0.996103815388684  3.407325255454524E-005  3.703507006886684E-004
   0.268405920260090  17.8677101384134  9.316583573302681E-005  0.370340705622440  0.000000000000000  5.319322236783958E-002 -4.20157107177791  10.1874185220623  0.996103817066561  3.351192722341263E-005  3.703507006886250E-004
   0.306525243490814  17.8916819593157  9.145595879833309E-005  0.352959471224474  0.000000000000000  5.319322236783958E-002 -4.22912343725359  10.1869952347767  0.996103830535711  3.216479529154658E-005  3.703507006884689E-004
   0.340858422458607  17.9151983266205  8.709181644436125E-005  0.335827733512589  0.000000000000000  5.319322236783958E-002 -4.25665954833788  10.1867453113161  0.996103873509462  2.872831467996584E-005  3.703507006880133E-004
   0.371724265686740  17.9382121470851  7.838799756270317E-005  0.319007379163489  0.000000000000000  5.319322236783958E-002 -4.28418218118214  10.1866904104110  0.996103964501489  2.187650325230289E-005  3.703507006870719E-004
   0.399405682605243  17.9606912606409  6.807941967257604E-005  0.302553159585921  0.000000000000000  5.319322236783958E-002 -4.31169415391308  10.1868277022686  0.996104074313241  1.376309260383183E-005  3.703507006859454E-004
   0.424152197086205  17.9826166758209  6.445669388652340E-005  0.286512584018354  0.000000000000000  5.319322236783958E-002 -4.33919849011262  10.1871992288765  0.996104113018411  1.091191793630309E-005  3.703507006855487E-004
   0.446180741916458  18.0039816438459  6.373792877279781E-005  0.270925990032187  0.000000000000000  5.319322236783958E-002 -4.36669855313716  10.1878419739817  0.996104120706035  1.034624307123562E-005  3.703507006854700E-004
   0.465679861160135  18.0247894502284  6.363905694135266E-005  0.255826757223425  0.000000000000000  5.319322236783958E-002 -4.39419815528499  10.1887389213378  0.996104121763311  1.026849201991320E-005  3.703507006854587E-004
   0.482816509894679  18.0450501906416  6.362716896050808E-005  0.241241631438794  0.000000000000000  5.319322236783958E-002 -4.42170162905206  10.1898896731286  0.996104121874542  1.026031536968012E-005  3.703507006854581E-004
   0.497741861046215  18.0647780487389  6.360388974075406E-005  0.227191130176951  0.000000000000000  5.319322236783958E-002 -4.44921386036506  10.1912902722363  0.996104121884003  1.025961809351409E-005  3.703507006854523E-004
   0.510595565344298  18.0839893020729  6.336995715431018E-005  0.213690003725277  0.000000000000000  5.319322236783958E-002 -4.47674029519586  10.1929330897465  0.996104121884503  1.025956798564138E-005  3.703507006853898E-004
   0.521508705582522  18.1027009421675  6.205506320238205E-005  0.200747730499977  0.000000000000000  5.319322236783958E-002 -4.50428693054510  10.1948068173051  0.996104121883731  1.025956485691212E-005  3.703507006850419E-004
   0.530604708774734  18.1209302347058  6.125863125976152E-005  0.188369028818402  0.000000000000000  5.319322236783958E-002 -4.53186030100468  10.1972386222756  0.996104121883541  1.025956469770620E-005  3.703507006848312E-004
   0.538000821577562  18.1386940448068  6.119339056646492E-005  0.176554370618914  0.000000000000000  5.319322236783958E-002 -4.55946746662556  10.1994634988070  0.996104121882183  1.025956469262955E-005  3.703507006848134E-004
   0.543808146377962  18.1560088341572  6.119324874923287E-005  0.165300485726254  0.000000000000000  5.319322236783958E-002 -4.58711600528523  10.2014766201488  0.996104121882121  1.025956469261884E-005  3.703507006848134E-004
   0.548128288167110  18.1728921319452  6.119324796285659E-005  0.154600848087941  0.000000000000000  5.319322236783958E-002 -4.61481402474346  10.2040259928980  0.996104121882120  1.025956469261878E-005  3.703507006848134E-004
   0.551054161719979  18.1893622506540  6.119324781411623E-005  0.144446137394256  0.000000000000000  5.319322236783958E-002 -4.64257019363683  10.2067563490200  0.996104121882120  1.025956469261877E-005  3.703507006848134E-004
   0.552671662534178  18.2054376545486  6.119324776227812E-005  0.134824671389185  0.000000000000000  5.319322236783958E-002 -4.67039377613921  10.2096366363052  0.996104121882120  1.025956469261876E-005  3.703507006848134E-004
   0.553290957631171  18.2210388087348  6.119324773854793E-005  0.125722796291432  0.000000000000000  5.319322236783958E-002 -4.69829392415239  10.2125984821088  0.996104121882120  1.025956469261876E-005  3.703507006848134E-004
   0.553539829684911  18.2359486310833  6.119324772613058E-005  0.117125234927048  0.000000000000000  5.319322236783958E-002 -4.72627782672006  10.2155414444792  0.996104121882120  1.025956469261876E-005  3.703507006848134E-004
   0.553778560713472  18.2500610261421  6.119324771913119E-005  0.109015420809560  0.000000000000000  5.319322236783958E-002 -4.75435028022972  10.2183860817270  0.996104121882120  1.025956469261876E-005  3.703507006848134E-004
   0.554007426344888  18.2634201338983  6.119324771497932E-005  0.101375815472703  0.000000000000000  5.319322236783958E-002 -4.78251551107288  10.2210587374452  0.996104121882120  1.025956469261876E-005  3.703507006848134E-004
   0.554226710180425  18.2760675260360  6.119324771241692E-005  9.418818653143246E-002  0.000000000000000  5.319322236783958E-002 -4.81077829980968  10.2234417554945  0.996104121882120  1.025956469261876E-005  3.703507006848134E-004
   0.554436701443203  18.2880423600372  6.119324771078460E-005  8.743384799257758E-002  0.000000000000000  5.319322236783958E-002 -4.83914397626604  10.2253592068901  0.996104121882120  1.025956469261876E-005  3.703507006848134E-004
   0.554637692910326  18.2993815252246  6.119324770971754E-005  8.109386852779110E-002  0.000000000000000  5.319322236783958E-002 -4.86761842199919  10.2265643426052  0.996104121882120  1.025956469261876E-005  3.703507006848134E-004
   0.554829979096119  18.3101197807229  6.119324770900477E-005  7.514925045431223E-002  0.000000000000000  5.319322236783958E-002 -4.89620807985043  10.2267035773436  0.996104121882120  1.025956469261876E-005  3.703507006848134E-004
   0.555013854674749  18.3202898854493  6.119324770852002E-005  6.958108213091188E-002  0.000000000000000  5.319322236783958E-002 -4.92491997043013  10.2252768766746  0.996104121882120  1.025956469261876E-005  3.703507006848134E-004
   0.555189613109915  18.3299227203448  6.119324770818511E-005  6.437066638836758E-002  0.000000000000000  5.319322236783958E-002 -4.95376171550422  10.2216194964564  0.996104121882120  1.025956469261876E-005  3.703507006848134E-004
   0.555357545470219  18.3390474031281  6.119324770795065E-005  5.949962749097412E-002  0.000000000000000  5.319322236783958E-002 -4.98274156837611  10.2149594895758  0.996104121882120  1.025956469261876E-005  3.703507006848134E-004
   0.555517939420968  18.3476913958928  6.119324770778444E-005  5.494999897979978E-002  0.000000000000000  5.319322236783958E-002 -5.01186845148718  10.2043539657838  0.996104121882120  1.025956469261876E-005  3.703507006848134E-004
   0.555671078360318  18.3558806059021  6.119324770766516E-005  5.070429458889194E-002  0.000000000000000  5.319322236783958E-002 -5.04115200159411  10.1886019864996  0.996104121882120  1.025956469261876E-005  3.703507006848134E-004
   0.555817240699449  18.3636394799439  6.119324770757881E-005  4.674556425950467E-002  0.000000000000000  5.319322236783958E-002 -5.07060262302785  10.1662837795863  0.996104121882120  1.025956469261876E-005  3.703507006848134E-004
   0.555956699251021  18.3709910926172  6.119324770751586E-005  4.305743711002811E-002  0.000000000000000  5.319322236783958E-002 -5.10023154970018  10.1357641896979  0.996104121882120  1.025956469261876E-005  3.703507006848134E-004
   0.556089720741154  18.3779572289100  6.119324770746959E-005  3.962415305459114E-002  0.000000000000000  5.319322236783958E-002 -5.13005091670478  10.0953795410676  0.996104121882120  1.025956469261876E-005  3.703507006848134E-004
   0.556216565399803  18.3845584614344  6.119324770745458E-005  3.643058460414993E-002  0.000000000000000  5.319322236783958E-002 -5.16007384256698  10.0435960962596  0.996104121882120  1.025956469261876E-005  3.703507006848134E-004
   0.556337486647946  18.3908142226502  6.119324770744600E-005  3.346225023222822E-002  0.000000000000000  5.319322236783958E-002 -5.19031452343677  9.97876334899344  0.996104121882120  1.025956469261876E-005  3.703507006848134E-004
   0.556452730852412  18.3967428724182  6.119324770743829E-005  3.070532054463202E-002  0.000000000000000  5.319322236783958E-002 -5.22078834080279  9.89906379338005  0.996104121882120  1.025956469261876E-005  3.703507006848134E-004
   0.556562537147911  18.4023617611873  6.119324770743129E-005  2.814661835917465E-002  0.000000000000000  5.319322236783958E-002 -5.25151198464125  9.80271382250923  0.996104121882120  1.025956469261876E-005  3.703507006848134E-004
   0.556667137313195  18.4076872891171  6.119324770742488E-005  2.577361367807609E-002  0.000000000000000  5.319322236783958E-002 -5.28250359431864  9.68802256182675  0.996104121882120  1.025956469261876E-005  3.703507006848134E-004
   0.556766755703601  18.4127349614079  6.119324770741889E-005  2.357441442228600E-002  0.000000000000000  5.319322236783958E-002 -5.31378292005745  9.55345116875984  0.996104121882120  1.025956469261876E-005  3.703507006848134E-004
   0.556861609225325  18.4175194401042  6.119324770741329E-005  2.153775369335298E-002  0.000000000000000  5.319322236783958E-002 -5.34537150837355  9.39766967212846  0.996104121882120  1.025956469261876E-005  3.703507006848134E-004
   0.556951907334298  18.4220545926172  6.119324770740818E-005  1.965297423428632E-002  0.000000000000000  5.319322236783958E-002 -5.37729291563301  9.21986345245156  0.996104121882120  1.025956469261876E-005  3.703507006848134E-004
   0.557037852098084  18.4263535371798  6.119324770740344E-005  1.791001067569153E-002  0.000000000000000  5.319322236783958E-002 -5.40957295479284  9.02023366501898  0.996104121882120  1.025956469261876E-005  3.703507006848134E-004
   0.557119638248725  18.4304286854692  6.119324770739904E-005  1.629937007679290E-002  0.000000000000000  5.319322236783958E-002 -5.44223998153680  8.79920666467462  0.996104121882120  1.025956469261876E-005  3.703507006848134E-004
   0.557197453286109  18.4342917825710  6.119324770739492E-005  1.481211120223400E-002  0.000000000000000  5.319322236783958E-002 -5.47532522746215  8.55698970404320  0.996104121882120  1.025956469261876E-005  3.703507006848134E-004
   0.557271477596042  18.4379539444770  6.119324770739110E-005  1.343982291420332E-002  0.000000000000000  5.319322236783958E-002 -5.50886318980671  8.29412835735094  0.996104121882120  1.025956469261876E-005  3.703507006848134E-004
   0.557341884574888  18.4414256932915  6.119324770738758E-005  1.217460200490147E-002  0.000000000000000  5.319322236783958E-002 -5.54289208955221  8.01149864106639  0.996104121882120  1.025956469261876E-005  3.703507006848134E-004
   0.557408840780636  18.4447169902901  6.119324770738430E-005  1.100903074609599E-002  0.000000000000000  5.319322236783958E-002 -5.57745441276641  7.71028982116588  0.996104121882120  1.025956469261876E-005  3.703507006848134E-004
   0.557472506089457  18.4478372669845  6.119324770738106E-005  9.936154389978194E-003  0.000000000000000  5.319322236783958E-002 -5.61259755398618  7.39197908109644  0.996104121882120  1.025956469261876E-005  3.703507006848134E-004
   0.557533033864298  18.4507954543255  6.119324770737807E-005  8.949458818248532E-003  0.000000000000000  5.319322236783958E-002 -5.64837458561684  7.05829949266277  0.996104121882120  1.025956469261876E-005  3.703507006848134E-004
   0.557590571124302  18.4536000101663  6.119324770737513E-005  8.042848503865393E-003  0.000000000000000  5.319322236783958E-002 -5.68484518418567  6.71120288325822  0.996104121882120  1.025956469261876E-005  3.703507006848134E-004
   0.557645258729883  18.4562589450995  6.119324770737211E-005  7.210624921790560E-003  0.000000000000000  5.319322236783958E-002 -5.72207675348568  6.35281924429129  0.996104121882120  1.025956469261876E-005  3.703507006848134E-004
   0.557697231566107  18.4587798467760  6.119324770736920E-005  6.447465521005761E-003  0.000000000000000  5.319322236783958E-002 -5.76014579711425  5.98541431563407  0.996104121882120  1.025956469261876E-005  3.703507006848134E-004
   0.557746618724217  18.4611699028022  6.119324770736652E-005  5.748403349771924E-003  0.000000000000000  5.319322236783958E-002 -5.79913961002214  5.61134687680380  0.996104121882120  1.025956469261876E-005  3.703507006848134E-004
   0.557793543688919  18.4634359223004  6.119324770736404E-005  5.108807409348382E-003  0.000000000000000  5.319322236783958E-002 -5.83915838247935  5.23302711221073  0.996104121882120  1.025956469261876E-005  3.703507006848134E-004
   0.557838124529591  18.4655843562145  6.119324770736174E-005  4.524363798071807E-003  0.000000000000000  5.319322236783958E-002 -5.88031784342257  4.85287723968065  0.996104121882120  1.025956469261876E-005  3.703507006848134E-004
   0.557880474085196  18.4676213164369  6.119324770735963E-005  3.991057697835186E-003  0.000000000000000  5.319322236783958E-002 -5.92275261823074  4.47361696619508  0.996104121882120  1.025956469261876E-005  3.703507006848134E-004
   0.557920700142526  18.4695525938197  6.119324770735752E-005  3.505156248806485E-003  0.000000000000000  5.319322236783958E-002 -5.96662054605911  4.09826952638161  0.996104121882120  1.025956469261876E-005  3.703507006848134E-004
   0.557958905622166  18.4713836751222  6.119324770735554E-005  3.063192356156889E-003  0.000000000000000  5.319322236783958E-002 -6.01210830596294  3.72938923735183  0.996104121882120  1.025956469261876E-005  3.703507006848134E-004
   0.557995188758277  18.4731197589424  6.119324770735347E-005  2.661949475513071E-003  0.000000000000000  5.319322236783958E-002 -6.05943885894264  3.36899736254088  0.996104121882120  1.025956469261876E-005  3.703507006848134E-004
   0.558029643261678  18.4747657706684  6.119324770735173E-005  2.298447433353177E-003  0.000000000000000  5.319322236783958E-002 -6.10888145819127  3.01897994922105  0.996104121882120  1.025956469261876E-005  3.703507006848134E-004
   0.558062358497922  18.4763263764488  6.119324770735007E-005  1.969929357278148E-003  0.000000000000000  5.319322236783958E-002 -6.16076537050235  2.68107924518011  0.996104121882120  1.025956469261876E-005  3.703507006848134E-004
   0.558093419631172  18.4778059961762  6.119324770734848E-005  1.673849823554286E-003  0.000000000000000  5.319322236783958E-002 -6.21549909302288  2.35689023506162  0.996104121882120  1.025956469261876E-005  3.703507006848134E-004
   0.558122907783786  18.4792088154045  6.119324770734711E-005  1.407864383489188E-003  0.000000000000000  5.319322236783958E-002 -6.27359793792798  2.04786233689671  0.996104121882120  1.025956469261876E-005  3.703507006848134E-004
   0.558150900157318  18.4805387960480  6.119324770734588E-005  1.169820720389128E-003  0.000000000000000  5.319322236783958E-002 -6.33572477768265  1.75530643312633  0.996104121882120  1.025956469261876E-005  3.703507006848134E-004
   0.558177470150656  18.4817996855253  6.119324770734489E-005  9.577518418369216E-004  0.000000000000000  5.319322236783958E-002 -6.40275228638604  1.48040770227429  0.996104121882120  1.025956469261876E-005  3.703507006848134E-004
   0.558202687417773  18.4829950236914  6.119324770734400E-005  7.698719803741576E-004  0.000000000000000  5.319322236783958E-002 -6.47586190487990  1.22424526117324  0.996104121882120  1.025956469261876E-005  3.703507006848134E-004
   0.558226617873017  18.4841281461097  6.119324770734310E-005  6.045763685923741E-004  0.000000000000000  5.319322236783958E-002 -6.55670904297748  0.987820644769067  0.996104121882120  1.025956469261876E-005  3.703507006848134E-004
   0.558249323545296  18.4852021804431  6.119324770734222E-005  4.604470158049927E-004  0.000000000000000  5.319322236783958E-002 -6.64771603094888  0.772099134575411  0.996104121882120  1.025956469261876E-005  3.703507006848134E-004
   0.558270862114938  18.4862200278470  6.119324770734127E-005  3.362686365925053E-004  0.000000000000000  5.319322236783958E-002 -6.75263334418102  0.578072088486916  0.996104121882120  1.025956469261876E-005  3.703507006848134E-004
   0.558291285623365  18.4871843060401  6.119324770734030E-005  2.310635862612663E-004  0.000000000000000  5.319322236783958E-002 -6.87773112266648  0.406857991660328  0.996104121882120  1.025956469261876E-005  3.703507006848134E-004
   0.558310636565063  18.4880971717884  6.119324770733944E-005  1.441671863881540E-004  0.000000000000000  5.319322236783958E-002 -7.03472197529883  0.259885334602091  0.996104121882120  1.025956469261876E-005  3.703507006848134E-004
   0.558328932522042  18.4889596197598  6.119324770733882E-005  7.540548325541805E-005  0.000000000000000  5.319322236783958E-002 -7.24971023253468  0.139283203800845  0.996104121882120  1.025956469261876E-005  3.703507006848134E-004
   0.558346052904737  18.4897663334075  6.119324770733830E-005  2.562135137821100E-005  0.000000000000000  5.319322236783958E-002 -7.60408072196438  4.899852209211299E-002  0.996104121882120  1.025956469261876E-005  3.703507006848134E-004
